index,timestamp,maxon_current,maxon_torque,maxon_velmes,akd_torque,akd_velmes,sinkage,pressure_setting
1,13:48:04,93.0000,0.0000,0.0000,-8.0000,-0.0954,3742.0000,1500.0000
9,13:48:04.010000,332.0000,0.0000,0.0000,14.0000,-0.0191,3770.0000,1500.0000
17,13:48:04.021000,390.0000,0.0000,0.0000,16.0000,0.1335,3741.0000,1500.0000
25,13:48:04.031000,183.0000,0.0000,0.0000,-3.0000,0.0000,3760.0000,1500.0000
33,13:48:04.041000,-270.0000,0.0000,0.0000,-10.0000,0.0095,3750.0000,1500.0000
41,13:48:04.051000,460.0000,0.0000,0.0000,0.0000,-0.1621,3776.0000,1500.0000
49,13:48:04.061000,304.0000,0.0000,3.9333,-22.0000,-0.0858,3754.0000,1500.0000
57,13:48:04.071000,97.0000,0.0000,0.0000,-24.0000,-0.0191,3742.0000,1500.0000
65,13:48:04.081000,109.0000,0.0000,3.9333,-22.0000,-0.0763,3756.0000,1500.0000
73,13:48:04.091000,35.0000,0.0000,0.0000,-29.0000,-0.0286,3746.0000,1500.0000
81,13:48:04.101000,50.0000,0.0000,0.0000,-10.0000,-0.0954,3780.0000,1500.0000
89,13:48:04.111000,39.0000,0.0000,0.0000,-27.0000,-0.3623,3748.0000,1500.0000
97,13:48:04.121000,35.0000,0.0000,3.9333,-24.0000,-0.4482,3769.0000,1500.0000
105,13:48:04.131000,316.0000,0.0000,3.9333,-51.0000,-1.0298,3759.0000,1500.0000
113,13:48:04.141000,167.0000,0.0000,3.9333,-36.0000,-1.0394,3760.0000,1500.0000
121,13:48:04.151000,82.0000,0.0000,0.0000,-27.0000,-1.2968,3741.0000,1500.0000
129,13:48:04.161000,179.0000,0.0000,3.9333,-31.0000,-1.4208,3784.0000,1500.0000
137,13:48:04.171000,210.0000,0.0000,3.9333,-46.0000,-1.5734,3752.0000,1500.0000
145,13:48:04.181000,207.0000,0.0000,3.9333,-58.0000,-1.9452,3755.0000,1500.0000
153,13:48:04.191000,164.0000,0.0000,0.0000,-53.0000,-1.9929,3767.0000,1500.0000
161,13:48:04.201000,101.0000,0.0000,3.9333,-34.0000,-2.1073,3758.0000,1500.0000
169,13:48:04.211000,187.0000,0.0000,3.9333,-53.0000,-2.2599,3768.0000,1500.0000
177,13:48:04.221000,210.0000,0.0000,3.9333,-55.0000,-2.5460,3764.0000,1500.0000
185,13:48:04.231000,93.0000,0.0000,3.9333,-31.0000,-2.8606,3767.0000,1500.0000
193,13:48:04.241000,66.0000,0.0000,3.9333,-34.0000,-3.4518,3767.0000,1500.0000
201,13:48:04.251000,265.0000,0.0000,3.9333,-48.0000,-4.0144,3747.0000,1500.0000
209,13:48:04.261000,164.0000,0.0000,3.9333,-55.0000,-3.7760,3744.0000,1500.0000
217,13:48:04.271000,238.0000,0.0000,3.9333,-31.0000,-3.6521,3767.0000,1500.0000
225,13:48:04.281000,-8.0000,0.0000,3.9333,-48.0000,-3.2802,3743.0000,1500.0000
233,13:48:04.291000,144.0000,0.0000,3.9333,-41.0000,-3.5281,3766.0000,1500.0000
241,13:48:04.301000,375.0000,0.0000,7.8666,-34.0000,-3.8905,3769.0000,1500.0000
249,13:48:04.311000,382.0000,0.0000,7.8666,-60.0000,-4.0335,3743.0000,1500.0000
257,13:48:04.321000,414.0000,0.0000,3.9333,-67.0000,-4.4531,3747.0000,1500.0000
265,13:48:04.331000,265.0000,0.0000,7.8666,-55.0000,-4.5389,3750.0000,1500.0000
273,13:48:04.341000,582.0000,0.0000,7.8666,-58.0000,-4.5580,3724.0000,1500.0000
281,13:48:04.351000,105.0000,0.0000,7.8666,-46.0000,-4.3196,3737.0000,1500.0000
289,13:48:04.361000,203.0000,0.0000,7.8666,-58.0000,-4.6152,3747.0000,1500.0000
297,13:48:04.371000,242.0000,0.0000,7.8666,-39.0000,-4.8059,3740.0000,1500.0000
305,13:48:04.381000,308.0000,0.0000,7.8666,-36.0000,-5.3399,3754.0000,1500.0000
313,13:48:04.391000,-67.0000,0.0000,7.8666,-22.0000,-5.3494,3753.0000,1500.0000
321,13:48:04.401000,242.0000,0.0000,11.7999,-53.0000,-5.2922,3729.0000,1500.0000
329,13:48:04.411000,339.0000,0.0000,7.8666,-70.0000,-5.0061,3756.0000,1500.0000
337,13:48:04.421000,402.0000,0.0000,7.8666,-46.0000,-4.6915,3738.0000,1500.0000
345,13:48:04.431000,410.0000,0.0000,11.7999,-55.0000,-5.1873,3750.0000,1500.0000
353,13:48:04.441000,585.0000,0.0000,7.8666,-53.0000,-5.1587,3781.0000,1500.0000
361,13:48:04.451000,539.0000,0.0000,7.8666,-53.0000,-4.9298,3737.0000,1500.0000
369,13:48:04.461000,582.0000,0.0000,7.8666,-53.0000,-4.7105,3801.0000,1500.0000
377,13:48:04.471000,316.0000,0.0000,7.8666,-58.0000,-4.9680,3739.0000,1500.0000
385,13:48:04.481000,164.0000,0.0000,11.7999,-65.0000,-5.4924,3780.0000,1500.0000
393,13:48:04.491000,207.0000,0.0000,11.7999,-34.0000,-5.8929,3780.0000,1500.0000
401,13:48:04.501000,308.0000,0.0000,11.7999,-55.0000,-5.9406,3749.0000,1500.0000
409,13:48:04.511000,359.0000,0.0000,11.7999,-41.0000,-5.3303,3751.0000,1500.0000
417,13:48:04.521000,203.0000,0.0000,11.7999,-62.0000,-5.2540,3777.0000,1500.0000
425,13:48:04.531000,238.0000,0.0000,15.7332,-53.0000,-5.1396,3760.0000,1500.0000
433,13:48:04.541000,312.0000,0.0000,11.7999,-46.0000,-5.6831,3781.0000,1500.0000
441,13:48:04.551000,164.0000,0.0000,15.7332,-60.0000,-5.4448,3756.0000,1500.0000
449,13:48:04.561000,191.0000,0.0000,11.7999,-58.0000,-5.5210,3761.0000,1500.0000
457,13:48:04.571000,386.0000,0.0000,11.7999,-43.0000,-5.4638,3761.0000,1500.0000
465,13:48:04.581000,-208.0000,0.0000,11.7999,-41.0000,-5.7690,3773.0000,1500.0000
473,13:48:04.591000,718.0000,0.0000,15.7332,-48.0000,-6.2362,3769.0000,1500.0000
481,13:48:04.601000,406.0000,0.0000,15.7332,-41.0000,-6.1504,3760.0000,1500.0000
489,13:48:04.611000,394.0000,0.0000,15.7332,-53.0000,-5.5496,3766.0000,1500.0000
497,13:48:04.621000,285.0000,0.0000,11.7999,-55.0000,-5.6736,3786.0000,1500.0000
505,13:48:04.631000,296.0000,0.0000,15.7332,-43.0000,-5.6736,3771.0000,1500.0000
513,13:48:04.641000,300.0000,0.0000,15.7332,-41.0000,-6.0836,3775.0000,1500.0000
521,13:48:04.651000,406.0000,0.0000,15.7332,-51.0000,-5.8166,3739.0000,1500.0000
529,13:48:04.661000,-145.0000,0.0000,15.7332,-46.0000,-5.5973,3778.0000,1500.0000
537,13:48:04.671000,105.0000,0.0000,15.7332,-48.0000,-5.6831,3806.0000,1500.0000
545,13:48:04.681000,210.0000,0.0000,15.7332,-48.0000,-6.0073,3789.0000,1500.0000
553,13:48:04.691000,281.0000,0.0000,15.7332,-24.0000,-6.1408,3810.0000,1500.0000
561,13:48:04.701000,468.0000,0.0000,11.7999,-34.0000,-6.1027,3792.0000,1500.0000
569,13:48:04.711000,890.0000,0.0000,15.7332,-46.0000,-5.7880,3850.0000,1500.0000
577,13:48:04.721000,519.0000,0.0000,15.7332,-39.0000,-5.9406,3812.0000,1500.0000
585,13:48:04.731000,824.0000,0.0000,15.7332,-36.0000,-6.3888,3806.0000,1500.0000
593,13:48:04.741000,734.0000,0.0000,19.6665,-41.0000,-6.0836,3833.0000,1500.0000
601,13:48:04.751000,800.0000,0.0000,15.7332,-51.0000,-5.5115,3842.0000,1500.0000
609,13:48:04.761000,785.0000,0.0000,15.7332,-36.0000,-5.4924,3814.0000,1500.0000
617,13:48:04.771000,859.0000,0.0000,15.7332,-36.0000,-5.8071,3834.0000,1500.0000
625,13:48:04.781000,765.0000,0.0000,19.6665,-27.0000,-6.4460,3855.0000,1500.0000
633,13:48:04.791000,1027.0000,0.0000,19.6665,-39.0000,-6.3029,3836.0000,1500.0000
641,13:48:04.801000,1113.0000,0.0000,15.7332,-12.0000,-5.9787,3866.0000,1500.0000
649,13:48:04.811000,1031.0000,0.0000,19.6665,-36.0000,-5.9501,3857.0000,1500.0000
657,13:48:04.821000,679.0000,0.0000,19.6665,-41.0000,-6.2267,3837.0000,1500.0000
665,13:48:04.831000,941.0000,0.0000,19.6665,-46.0000,-6.2076,3880.0000,1500.0000
673,13:48:04.841000,1042.0000,0.0000,15.7332,-36.0000,-5.6736,3876.0000,1500.0000
681,13:48:04.851000,1273.0000,0.0000,19.6665,-41.0000,-5.5496,3905.0000,1500.0000
689,13:48:04.861000,1457.0000,0.0000,15.7332,-36.0000,-5.8262,3888.0000,1500.0000
697,13:48:04.871000,1230.0000,0.0000,19.6665,-31.0000,-6.6462,3881.0000,1500.0000
705,13:48:04.881000,1156.0000,0.0000,19.6665,-39.0000,-6.4650,3908.0000,1500.0000
713,13:48:04.891000,1574.0000,0.0000,19.6665,-36.0000,-6.0550,3889.0000,1500.0000
721,13:48:04.901000,1964.0000,0.0000,19.6665,-48.0000,-5.9883,3908.0000,1500.0000
729,13:48:04.911000,1230.0000,0.0000,19.6665,-41.0000,-6.0455,3910.0000,1500.0000
737,13:48:04.921000,1570.0000,0.0000,19.6665,-12.0000,-6.1313,3939.0000,1500.0000
745,13:48:04.931000,1246.0000,0.0000,19.6665,-27.0000,-5.8357,3934.0000,1500.0000
753,13:48:04.941000,1566.0000,0.0000,19.6665,-34.0000,-5.4829,3941.0000,1500.0000
761,13:48:04.951000,1492.0000,0.0000,19.6665,-12.0000,-5.7785,3956.0000,1500.0000
769,13:48:04.961000,1882.0000,0.0000,19.6665,-43.0000,-6.4937,3946.0000,1500.0000
777,13:48:04.971000,1789.0000,0.0000,19.6665,-27.0000,-6.5699,3937.0000,1500.0000
785,13:48:04.981000,2097.0000,0.0000,19.6665,-15.0000,-6.2267,3972.0000,1500.0000
793,13:48:04.991000,1421.0000,0.0000,19.6665,-34.0000,-5.6927,3992.0000,1500.0000
801,13:48:05.001000,1722.0000,0.0000,19.6665,-3.0000,-6.0932,3978.0000,1500.0000
809,13:48:05.011000,1476.0000,0.0000,19.6665,-20.0000,-6.1313,4002.0000,1500.0000
817,13:48:05.021000,1179.0000,0.0000,19.6665,-20.0000,-5.7499,3995.0000,1500.0000
825,13:48:05.031000,1964.0000,0.0000,19.6665,-27.0000,-5.4924,4025.0000,1500.0000
833,13:48:05.041000,890.0000,0.0000,19.6665,-24.0000,-5.5878,4009.0000,1500.0000
841,13:48:05.051000,1742.0000,0.0000,19.6665,-24.0000,-6.1981,4010.0000,1500.0000
849,13:48:05.061000,1679.0000,0.0000,19.6665,7.0000,-6.5795,4023.0000,1500.0000
857,13:48:05.071000,1511.0000,0.0000,19.6665,-17.0000,-6.1027,4045.0000,1500.0000
865,13:48:05.081000,2152.0000,0.0000,19.6665,-48.0000,-5.7690,4029.0000,1500.0000
873,13:48:05.091000,1933.0000,0.0000,15.7332,-10.0000,-5.5783,4042.0000,1500.0000
881,13:48:05.101000,2542.0000,0.0000,23.5998,-12.0000,-6.0741,4081.0000,1500.0000
889,13:48:05.111000,1859.0000,0.0000,19.6665,-5.0000,-5.6927,4054.0000,1500.0000
897,13:48:05.121000,2242.0000,0.0000,15.7332,-34.0000,-5.6736,4068.0000,1500.0000
905,13:48:05.131000,2113.0000,0.0000,15.7332,-51.0000,-5.6164,4085.0000,1500.0000
913,13:48:05.141000,2234.0000,0.0000,15.7332,-34.0000,-5.8643,4109.0000,1500.0000
921,13:48:05.151000,2187.0000,0.0000,23.5998,-22.0000,-6.1694,4088.0000,1500.0000
929,13:48:05.161000,1773.0000,0.0000,19.6665,-17.0000,-6.3316,4102.0000,1500.0000
937,13:48:05.171000,1378.0000,0.0000,19.6665,-22.0000,-5.7022,4104.0000,1500.0000
945,13:48:05.181000,2835.0000,0.0000,19.6665,-31.0000,-5.6355,4143.0000,1500.0000
953,13:48:05.191000,1750.0000,0.0000,15.7332,-24.0000,-5.8262,4128.0000,1500.0000
961,13:48:05.201000,1941.0000,0.0000,19.6665,-29.0000,-6.0550,4157.0000,1500.0000
969,13:48:05.211000,1683.0000,0.0000,19.6665,-12.0000,-5.7117,4165.0000,1500.0000
977,13:48:05.221000,2144.0000,0.0000,19.6665,-10.0000,-5.4924,4130.0000,1500.0000
985,13:48:05.231000,2210.0000,0.0000,19.6665,-15.0000,-5.4066,4175.0000,1500.0000
993,13:48:05.241000,2660.0000,0.0000,19.6665,-39.0000,-5.9311,4190.0000,1500.0000
1001,13:48:05.251000,2972.0000,0.0000,19.6665,0.0000,-6.3697,4167.0000,1500.0000
1009,13:48:05.261000,2171.0000,0.0000,19.6665,-36.0000,-6.1313,4202.0000,1500.0000
1017,13:48:05.271000,1722.0000,0.0000,19.6665,-27.0000,-5.6736,4206.0000,1500.0000
1025,13:48:05.281000,2281.0000,0.0000,19.6665,-27.0000,-5.8452,4218.0000,1500.0000
1033,13:48:05.291000,2414.0000,0.0000,19.6665,-27.0000,-6.2267,4199.0000,1500.0000
1041,13:48:05.301000,2277.0000,0.0000,19.6665,-31.0000,-6.2267,4232.0000,1500.0000
1049,13:48:05.311000,3000.0000,0.0000,19.6665,-20.0000,-5.5020,4201.0000,1500.0000
1057,13:48:05.321000,2277.0000,0.0000,19.6665,-15.0000,-5.3208,4222.0000,1500.0000
1065,13:48:05.331000,1976.0000,0.0000,19.6665,-15.0000,-6.0550,4223.0000,1500.0000
1073,13:48:05.341000,2390.0000,0.0000,19.6665,-27.0000,-6.5985,4228.0000,1500.0000
1081,13:48:05.351000,1761.0000,0.0000,23.5998,-8.0000,-6.4746,4238.0000,1500.0000
1089,13:48:05.361000,2089.0000,0.0000,19.6665,-34.0000,-6.3125,4237.0000,1500.0000
1097,13:48:05.371000,2335.0000,0.0000,19.6665,-27.0000,-5.9120,4248.0000,1500.0000
1105,13:48:05.381000,3058.0000,0.0000,23.5998,-27.0000,-6.2648,4269.0000,1500.0000
1113,13:48:05.391000,2199.0000,0.0000,19.6665,-22.0000,-6.0741,4265.0000,1500.0000
1121,13:48:05.401000,2000.0000,0.0000,15.7332,-24.0000,-5.8071,4290.0000,1500.0000
1129,13:48:05.411000,2449.0000,0.0000,19.6665,-22.0000,-5.6069,4276.0000,1500.0000
1137,13:48:05.421000,2863.0000,0.0000,23.5998,-22.0000,-5.8929,4304.0000,1500.0000
1145,13:48:05.431000,2437.0000,0.0000,19.6665,-24.0000,-6.6462,4297.0000,1500.0000
1153,13:48:05.441000,2132.0000,0.0000,19.6665,-17.0000,-6.5699,4267.0000,1500.0000
1161,13:48:05.451000,1226.0000,0.0000,19.6665,-34.0000,-6.2171,4307.0000,1500.0000
1169,13:48:05.461000,2265.0000,0.0000,19.6665,-5.0000,-5.7785,4307.0000,1500.0000
1177,13:48:05.471000,2230.0000,0.0000,23.5998,-17.0000,-6.1504,4317.0000,1500.0000
1185,13:48:05.481000,2164.0000,0.0000,19.6665,-22.0000,-6.1408,4328.0000,1500.0000
1193,13:48:05.491000,2269.0000,0.0000,19.6665,-20.0000,-5.7976,4330.0000,1500.0000
1201,13:48:05.501000,2269.0000,0.0000,19.6665,-12.0000,-5.6355,4387.0000,1500.0000
1209,13:48:05.511000,1429.0000,0.0000,19.6665,-29.0000,-5.7117,4383.0000,1500.0000
1217,13:48:05.521000,2242.0000,0.0000,19.6665,-12.0000,-6.5318,4358.0000,1500.0000
1225,13:48:05.531000,3296.0000,0.0000,19.6665,-22.0000,-6.5985,4373.0000,1500.0000
1233,13:48:05.541000,2328.0000,0.0000,19.6665,-15.0000,-5.8548,4396.0000,1500.0000
1241,13:48:05.551000,1726.0000,0.0000,19.6665,-43.0000,-5.7022,4366.0000,1500.0000
1249,13:48:05.561000,2289.0000,0.0000,19.6665,-22.0000,-5.8452,4384.0000,1500.0000
1257,13:48:05.571000,1812.0000,0.0000,19.6665,-17.0000,-5.9787,4410.0000,1500.0000
1265,13:48:05.581000,2398.0000,0.0000,19.6665,-20.0000,-5.7117,4419.0000,1500.0000
1273,13:48:05.591000,2289.0000,0.0000,19.6665,-34.0000,-5.8166,4399.0000,1500.0000
1281,13:48:05.601000,1750.0000,0.0000,19.6665,-34.0000,-5.4352,4395.0000,1500.0000
1289,13:48:05.611000,2105.0000,0.0000,19.6665,2.0000,-6.2743,4413.0000,1500.0000
1297,13:48:05.621000,2472.0000,0.0000,19.6665,-15.0000,-6.3316,4430.0000,1500.0000
1305,13:48:05.631000,2179.0000,0.0000,19.6665,-15.0000,-6.1504,4421.0000,1500.0000
1313,13:48:05.641000,2539.0000,0.0000,15.7332,-12.0000,-5.8166,4427.0000,1500.0000
1321,13:48:05.651000,2050.0000,0.0000,19.6665,-8.0000,-5.8262,4423.0000,1500.0000
1329,13:48:05.661000,2742.0000,0.0000,19.6665,-12.0000,-6.2076,4449.0000,1500.0000
1337,13:48:05.671000,1855.0000,0.0000,19.6665,-5.0000,-6.1122,4458.0000,1500.0000
1345,13:48:05.681000,2207.0000,0.0000,19.6665,-15.0000,-5.6736,4463.0000,1500.0000
1353,13:48:05.691000,2332.0000,0.0000,19.6665,-20.0000,-5.3971,4429.0000,1500.0000
1361,13:48:05.701000,2335.0000,0.0000,19.6665,-29.0000,-5.7785,4446.0000,1500.0000
1369,13:48:05.711000,3238.0000,0.0000,19.6665,-15.0000,-6.3602,4483.0000,1500.0000
1377,13:48:05.721000,2660.0000,0.0000,19.6665,-12.0000,-6.4746,4490.0000,1500.0000
1385,13:48:05.731000,2082.0000,0.0000,19.6665,-5.0000,-6.2362,4483.0000,1500.0000
1393,13:48:05.741000,2609.0000,0.0000,19.6665,-12.0000,-5.9597,4479.0000,1500.0000
1401,13:48:05.751000,2593.0000,0.0000,19.6665,-27.0000,-6.1790,4518.0000,1500.0000
1409,13:48:05.761000,2261.0000,0.0000,19.6665,-17.0000,-6.1790,4502.0000,1500.0000
1417,13:48:05.771000,3312.0000,0.0000,19.6665,-34.0000,-5.6736,4493.0000,1500.0000
1425,13:48:05.781000,2832.0000,0.0000,19.6665,-15.0000,-5.3494,4487.0000,1500.0000
1433,13:48:05.791000,2753.0000,0.0000,19.6665,-34.0000,-5.6259,4504.0000,1500.0000
1441,13:48:05.801000,2464.0000,0.0000,19.6665,-41.0000,-6.3506,4495.0000,1500.0000
1449,13:48:05.811000,1824.0000,0.0000,19.6665,-10.0000,-6.4269,4528.0000,1500.0000
1457,13:48:05.821000,2402.0000,0.0000,23.5998,4.0000,-6.1218,4515.0000,1500.0000
1465,13:48:05.831000,2582.0000,0.0000,19.6665,-17.0000,-5.9597,4535.0000,1500.0000
1473,13:48:05.841000,2640.0000,0.0000,19.6665,-17.0000,-6.0264,4556.0000,1500.0000
1481,13:48:05.851000,3230.0000,0.0000,19.6665,-5.0000,-6.1599,4548.0000,1500.0000
1489,13:48:05.861000,2558.0000,0.0000,19.6665,-20.0000,-5.7976,4557.0000,1500.0000
1497,13:48:05.871000,2007.0000,0.0000,23.5998,-8.0000,-5.5401,4570.0000,1500.0000
1505,13:48:05.881000,2347.0000,0.0000,19.6665,-20.0000,-5.4734,4541.0000,1500.0000
1513,13:48:05.891000,2437.0000,0.0000,19.6665,-17.0000,-6.0073,4564.0000,1500.0000
1521,13:48:05.901000,2691.0000,0.0000,19.6665,-20.0000,-6.5318,4564.0000,1500.0000
1529,13:48:05.911000,2675.0000,0.0000,19.6665,-8.0000,-6.1504,4597.0000,1500.0000
1537,13:48:05.921000,1968.0000,0.0000,19.6665,-15.0000,-5.9311,4560.0000,1500.0000
1545,13:48:05.931000,2453.0000,0.0000,19.6665,-15.0000,-5.8548,4552.0000,1500.0000
1553,13:48:05.941000,2671.0000,0.0000,19.6665,-51.0000,-6.0741,4566.0000,1500.0000
1561,13:48:05.951000,2914.0000,0.0000,15.7332,-22.0000,-6.0741,4598.0000,1500.0000
1569,13:48:05.961000,3410.0000,0.0000,19.6665,-41.0000,-5.5115,4615.0000,1500.0000
1577,13:48:05.971000,2003.0000,0.0000,19.6665,-31.0000,-5.6069,4586.0000,1500.0000
1585,13:48:05.981000,2074.0000,0.0000,15.7332,-15.0000,-5.9406,4600.0000,1500.0000
1593,13:48:05.991000,2109.0000,0.0000,19.6665,-17.0000,-6.4937,4564.0000,1500.0000
1601,13:48:06.001000,1855.0000,0.0000,19.6665,-3.0000,-6.4841,4595.0000,1500.0000
1609,13:48:06.011000,2496.0000,0.0000,19.6665,-22.0000,-6.1218,4643.0000,1500.0000
1617,13:48:06.021000,2558.0000,0.0000,15.7332,-15.0000,-5.8262,4628.0000,1500.0000
1625,13:48:06.031000,2574.0000,0.0000,19.6665,-24.0000,-6.0264,4646.0000,1500.0000
1633,13:48:06.041000,2468.0000,0.0000,19.6665,11.0000,-6.0169,4625.0000,1500.0000
1641,13:48:06.051000,3214.0000,0.0000,19.6665,-27.0000,-5.4543,4624.0000,1500.0000
1649,13:48:06.061000,2625.0000,0.0000,19.6665,-22.0000,-5.5687,4654.0000,1500.0000
1657,13:48:06.071000,2558.0000,0.0000,19.6665,-41.0000,-5.5115,4639.0000,1500.0000
1665,13:48:06.081000,2464.0000,0.0000,19.6665,-5.0000,-6.0836,4647.0000,1500.0000
1673,13:48:06.091000,2035.0000,0.0000,19.6665,-27.0000,-6.5413,4647.0000,1500.0000
1681,13:48:06.101000,2597.0000,0.0000,19.6665,-3.0000,-5.9883,4649.0000,1500.0000
1689,13:48:06.111000,2214.0000,0.0000,19.6665,-34.0000,-5.5306,4668.0000,1500.0000
1697,13:48:06.121000,2460.0000,0.0000,23.5998,-24.0000,-5.7785,4668.0000,1500.0000
1705,13:48:06.131000,2496.0000,0.0000,23.5998,-10.0000,-6.2076,4696.0000,1500.0000
1713,13:48:06.141000,3480.0000,0.0000,19.6665,-22.0000,-5.9311,4668.0000,1500.0000
1721,13:48:06.151000,3425.0000,0.0000,19.6665,-29.0000,-5.4924,4672.0000,1500.0000
1729,13:48:06.161000,3093.0000,0.0000,19.6665,-20.0000,-5.5306,4691.0000,1500.0000
1737,13:48:06.171000,2402.0000,0.0000,19.6665,-41.0000,-5.7022,4688.0000,1500.0000
1745,13:48:06.181000,2621.0000,0.0000,19.6665,-20.0000,-6.4937,4685.0000,1500.0000
1753,13:48:06.191000,2949.0000,0.0000,19.6665,-20.0000,-6.2457,4692.0000,1500.0000
1761,13:48:06.201000,2312.0000,0.0000,19.6665,-27.0000,-5.8452,4692.0000,1500.0000
1769,13:48:06.211000,2503.0000,0.0000,19.6665,-31.0000,-5.6831,4751.0000,1500.0000
1777,13:48:06.221000,2429.0000,0.0000,19.6665,-27.0000,-5.9883,4716.0000,1500.0000
1785,13:48:06.231000,2664.0000,0.0000,19.6665,-22.0000,-6.3125,4708.0000,1500.0000
1793,13:48:06.241000,2718.0000,0.0000,19.6665,-17.0000,-5.8929,4734.0000,1500.0000
1801,13:48:06.251000,1796.0000,0.0000,19.6665,-20.0000,-5.2827,4710.0000,1500.0000
1809,13:48:06.261000,2312.0000,0.0000,19.6665,-34.0000,-6.2076,4778.0000,1500.0000
1817,13:48:06.271000,3093.0000,0.0000,19.6665,-29.0000,-6.8083,4743.0000,1500.0000
1825,13:48:06.281000,2613.0000,0.0000,19.6665,-12.0000,-6.5890,4757.0000,1500.0000
1833,13:48:06.291000,2863.0000,0.0000,19.6665,-27.0000,-6.3602,4742.0000,1500.0000
1841,13:48:06.301000,2761.0000,0.0000,19.6665,-29.0000,-5.9406,4793.0000,1500.0000
1849,13:48:06.311000,2199.0000,0.0000,15.7332,-29.0000,-6.3602,4779.0000,1500.0000
1857,13:48:06.321000,3015.0000,0.0000,23.5998,-31.0000,-6.3316,4767.0000,1500.0000
1865,13:48:06.331000,2492.0000,0.0000,23.5998,-34.0000,-5.9978,4756.0000,1500.0000
1873,13:48:06.341000,2242.0000,0.0000,19.6665,-41.0000,-5.6641,4762.0000,1500.0000
1881,13:48:06.351000,3207.0000,0.0000,23.5998,-17.0000,-6.2171,4763.0000,1500.0000
1889,13:48:06.361000,3125.0000,0.0000,19.6665,-20.0000,-6.7130,4828.0000,1500.0000
1897,13:48:06.371000,2285.0000,0.0000,15.7332,-27.0000,-6.3125,4793.0000,1500.0000
1905,13:48:06.381000,2664.0000,0.0000,19.6665,2.0000,-6.1885,4814.0000,1500.0000
1913,13:48:06.391000,2992.0000,0.0000,19.6665,-31.0000,-5.8929,4784.0000,1500.0000
1921,13:48:06.401000,3125.0000,0.0000,19.6665,-15.0000,-6.3602,4794.0000,1500.0000
1929,13:48:06.411000,2332.0000,0.0000,19.6665,-34.0000,-6.1027,4839.0000,1500.0000
1937,13:48:06.421000,2957.0000,0.0000,19.6665,-22.0000,-5.7690,4788.0000,1500.0000
1945,13:48:06.431000,2472.0000,0.0000,19.6665,-29.0000,-5.5973,4799.0000,1500.0000
1953,13:48:06.441000,2769.0000,0.0000,19.6665,-31.0000,-5.8929,4833.0000,1500.0000
1961,13:48:06.451000,2039.0000,0.0000,23.5998,-20.0000,-6.5127,4814.0000,1500.0000
1969,13:48:06.461000,3070.0000,0.0000,19.6665,-22.0000,-6.3697,4838.0000,1500.0000
1977,13:48:06.471000,2917.0000,0.0000,19.6665,-17.0000,-5.6355,4834.0000,1500.0000
1985,13:48:06.481000,2234.0000,0.0000,19.6665,-5.0000,-5.7213,4784.0000,1500.0000
1993,13:48:06.491000,2160.0000,0.0000,19.6665,-22.0000,-6.0360,4851.0000,1500.0000
2001,13:48:06.501000,2746.0000,0.0000,23.5998,-31.0000,-6.1313,4865.0000,1500.0000
2009,13:48:06.511000,2718.0000,0.0000,23.5998,-15.0000,-5.6641,4856.0000,1500.0000
2017,13:48:06.521000,3074.0000,0.0000,19.6665,-29.0000,-5.4352,4882.0000,1500.0000
2025,13:48:06.531000,2871.0000,0.0000,19.6665,-24.0000,-5.6069,4873.0000,1500.0000
2033,13:48:06.541000,1878.0000,0.0000,19.6665,-20.0000,-6.2457,4692.0000,1500.0000
2041,13:48:06.551000,2500.0000,0.0000,19.6665,-8.0000,-6.3602,4910.0000,1500.0000
2049,13:48:06.561000,2714.0000,0.0000,23.5998,-5.0000,-6.3029,4882.0000,1500.0000
2057,13:48:06.571000,3046.0000,0.0000,19.6665,-29.0000,-5.7499,4873.0000,1500.0000
2065,13:48:06.581000,2843.0000,0.0000,19.6665,-29.0000,-5.8929,4868.0000,1500.0000
2073,13:48:06.591000,2867.0000,0.0000,19.6665,-12.0000,-6.3316,4875.0000,1500.0000
2081,13:48:06.601000,2757.0000,0.0000,19.6665,-12.0000,-5.8071,4906.0000,1500.0000
2089,13:48:06.611000,2613.0000,0.0000,23.5998,-22.0000,-5.5878,4903.0000,1500.0000
2097,13:48:06.621000,3882.0000,0.0000,19.6665,-29.0000,-5.3494,4926.0000,1500.0000
2105,13:48:06.631000,2914.0000,0.0000,19.6665,-17.0000,-6.2648,4921.0000,1500.0000
2113,13:48:06.641000,2347.0000,0.0000,19.6665,-5.0000,-6.5223,4901.0000,1500.0000
2121,13:48:06.651000,2242.0000,0.0000,19.6665,-3.0000,-6.4460,4897.0000,1500.0000
2129,13:48:06.661000,2289.0000,0.0000,19.6665,-27.0000,-5.9215,4936.0000,1500.0000
2137,13:48:06.671000,2437.0000,0.0000,19.6665,-5.0000,-5.7499,4914.0000,1500.0000
2145,13:48:06.681000,3492.0000,0.0000,19.6665,-24.0000,-6.3029,4938.0000,1500.0000
2153,13:48:06.691000,3691.0000,0.0000,19.6665,-17.0000,-6.1313,4926.0000,1500.0000
2161,13:48:06.701000,2183.0000,0.0000,19.6665,-12.0000,-5.7213,4919.0000,1500.0000
2169,13:48:06.711000,2722.0000,0.0000,19.6665,-29.0000,-5.5306,4954.0000,1500.0000
2177,13:48:06.721000,3472.0000,0.0000,23.5998,-15.0000,-5.7976,4958.0000,1500.0000
2185,13:48:06.731000,3382.0000,0.0000,19.6665,-20.0000,-6.5318,4933.0000,1500.0000
2193,13:48:06.741000,3050.0000,0.0000,19.6665,-34.0000,-6.3792,4956.0000,1500.0000
2201,13:48:06.751000,2843.0000,0.0000,19.6665,-10.0000,-5.8262,4980.0000,1500.0000
2209,13:48:06.761000,2062.0000,0.0000,19.6665,-36.0000,-5.8452,4984.0000,1500.0000
2217,13:48:06.771000,3074.0000,0.0000,19.6665,-5.0000,-5.8643,4988.0000,1500.0000
2225,13:48:06.781000,2949.0000,0.0000,23.5998,-8.0000,-6.0741,4967.0000,1500.0000
2233,13:48:06.791000,3656.0000,0.0000,19.6665,9.0000,-5.7404,5011.0000,1500.0000
2241,13:48:06.801000,3113.0000,0.0000,19.6665,-5.0000,-5.3494,5001.0000,1500.0000
2249,13:48:06.811000,3179.0000,0.0000,19.6665,-34.0000,-5.5496,5004.0000,1500.0000
2257,13:48:06.821000,3019.0000,0.0000,15.7332,-27.0000,-6.3411,5001.0000,1500.0000
2265,13:48:06.831000,2675.0000,0.0000,19.6665,-5.0000,-6.4746,5012.0000,1500.0000
2273,13:48:06.841000,3082.0000,0.0000,19.6665,-29.0000,-5.9025,5001.0000,1500.0000
2281,13:48:06.851000,2960.0000,0.0000,19.6665,-24.0000,-5.7117,5056.0000,1500.0000
2289,13:48:06.861000,2222.0000,0.0000,19.6665,-20.0000,-5.7117,5028.0000,1500.0000
2297,13:48:06.871000,3324.0000,0.0000,19.6665,-20.0000,-6.1599,5023.0000,1500.0000
2305,13:48:06.881000,3054.0000,0.0000,23.5998,-17.0000,-5.8452,5037.0000,1500.0000
2313,13:48:06.891000,3628.0000,0.0000,19.6665,-31.0000,-5.5401,5035.0000,1500.0000
2321,13:48:06.901000,3042.0000,0.0000,19.6665,-29.0000,-5.5496,5037.0000,1500.0000
2329,13:48:06.911000,3070.0000,0.0000,19.6665,-20.0000,-6.2362,5063.0000,1500.0000
2337,13:48:06.921000,2589.0000,0.0000,19.6665,-5.0000,-6.5413,5064.0000,1500.0000
2345,13:48:06.931000,3453.0000,0.0000,19.6665,-8.0000,-6.1790,5049.0000,1500.0000
2353,13:48:06.941000,3347.0000,0.0000,23.5998,-36.0000,-5.8548,5056.0000,1500.0000
2361,13:48:06.951000,2960.0000,0.0000,19.6665,-12.0000,-6.0073,5085.0000,1500.0000
2369,13:48:06.961000,2562.0000,0.0000,19.6665,-15.0000,-6.3888,5074.0000,1500.0000
2377,13:48:06.971000,3187.0000,0.0000,23.5998,-24.0000,-6.0932,5104.0000,1500.0000
2385,13:48:06.981000,2902.0000,0.0000,23.5998,-24.0000,-5.9120,5064.0000,1500.0000
2393,13:48:06.991000,2957.0000,0.0000,19.6665,-24.0000,-5.6736,5099.0000,1500.0000
2401,13:48:07.001000,3195.0000,0.0000,19.6665,-10.0000,-6.0169,5081.0000,1500.0000
2409,13:48:07.011000,2937.0000,0.0000,19.6665,-29.0000,-6.6558,5099.0000,1500.0000
2417,13:48:07.021000,3289.0000,0.0000,19.6665,-3.0000,-6.3125,5086.0000,1500.0000
2425,13:48:07.031000,2683.0000,0.0000,19.6665,-3.0000,-5.9978,5053.0000,1500.0000
2433,13:48:07.041000,3191.0000,0.0000,19.6665,-17.0000,-5.8166,5101.0000,1500.0000
2441,13:48:07.051000,4015.0000,0.0000,19.6665,-39.0000,-6.0836,5106.0000,1500.0000
2449,13:48:07.061000,2253.0000,0.0000,19.6665,-24.0000,-6.1027,5151.0000,1500.0000
2457,13:48:07.071000,3167.0000,0.0000,23.5998,-20.0000,-5.6641,5146.0000,1500.0000
2465,13:48:07.081000,3246.0000,0.0000,19.6665,-27.0000,-5.6259,5121.0000,1500.0000
2473,13:48:07.091000,3332.0000,0.0000,19.6665,-41.0000,-5.5973,5126.0000,1500.0000
2481,13:48:07.101000,3859.0000,0.0000,19.6665,-24.0000,-6.4746,5174.0000,1500.0000
2489,13:48:07.111000,2960.0000,0.0000,23.5998,-27.0000,-6.3602,5173.0000,1500.0000
2497,13:48:07.121000,3617.0000,0.0000,19.6665,-17.0000,-6.1694,5143.0000,1500.0000
2505,13:48:07.131000,3679.0000,0.0000,19.6665,-29.0000,-5.8071,5157.0000,1500.0000
2513,13:48:07.141000,3042.0000,0.0000,19.6665,-15.0000,-6.1313,5174.0000,1500.0000
2521,13:48:07.151000,3179.0000,0.0000,19.6665,-27.0000,-6.2934,5148.0000,1500.0000
2529,13:48:07.161000,3316.0000,0.0000,19.6665,-27.0000,-5.7690,5170.0000,1500.0000
2537,13:48:07.171000,3699.0000,0.0000,19.6665,-20.0000,-5.3685,5161.0000,1500.0000
2545,13:48:07.181000,3414.0000,0.0000,19.6665,-36.0000,-5.6736,5167.0000,1500.0000
2553,13:48:07.191000,3343.0000,0.0000,19.6665,-24.0000,-6.2076,5194.0000,1500.0000
2561,13:48:07.201000,3238.0000,0.0000,19.6665,-24.0000,-6.4555,5183.0000,1500.0000
2569,13:48:07.211000,2554.0000,0.0000,19.6665,-24.0000,-6.2839,5189.0000,1500.0000
2577,13:48:07.221000,4082.0000,0.0000,19.6665,-8.0000,-5.9692,5186.0000,1500.0000
2585,13:48:07.231000,3066.0000,0.0000,23.5998,-29.0000,-6.0073,5205.0000,1500.0000
2593,13:48:07.241000,4253.0000,0.0000,19.6665,-10.0000,-6.2362,5225.0000,1500.0000
2601,13:48:07.251000,3867.0000,0.0000,23.5998,-36.0000,-5.8834,5224.0000,1500.0000
2609,13:48:07.261000,3714.0000,0.0000,19.6665,-39.0000,-5.5115,5243.0000,1500.0000
2617,13:48:07.271000,3507.0000,0.0000,19.6665,-27.0000,-5.5783,5224.0000,1500.0000
2625,13:48:07.281000,3812.0000,0.0000,23.5998,-8.0000,-6.1790,5230.0000,1500.0000
2633,13:48:07.291000,3781.0000,0.0000,19.6665,-31.0000,-6.5509,5240.0000,1500.0000
2641,13:48:07.301000,3652.0000,0.0000,19.6665,-17.0000,-6.2553,5239.0000,1500.0000
2649,13:48:07.311000,3839.0000,0.0000,19.6665,-27.0000,-5.7785,5248.0000,1500.0000
2657,13:48:07.321000,3527.0000,0.0000,19.6665,-55.0000,-5.7976,5241.0000,1500.0000
2665,13:48:07.331000,3460.0000,0.0000,19.6665,-41.0000,-6.1790,5237.0000,1500.0000
2673,13:48:07.341000,3394.0000,0.0000,19.6665,0.0000,-5.6831,5317.0000,1500.0000
2681,13:48:07.351000,4144.0000,0.0000,19.6665,-36.0000,-5.7404,5269.0000,1500.0000
2689,13:48:07.361000,3671.0000,0.0000,23.5998,-31.0000,-5.3875,5263.0000,1500.0000
2697,13:48:07.371000,2796.0000,0.0000,19.6665,-43.0000,-5.9597,5276.0000,1500.0000
2705,13:48:07.381000,2703.0000,0.0000,19.6665,-22.0000,-6.4650,5288.0000,1500.0000
2713,13:48:07.391000,3367.0000,0.0000,23.5998,-27.0000,-6.0264,5283.0000,1500.0000
2721,13:48:07.401000,3320.0000,0.0000,19.6665,-31.0000,-5.8548,5295.0000,1500.0000
2729,13:48:07.411000,2890.0000,0.0000,19.6665,-27.0000,-5.7022,5293.0000,1500.0000
2737,13:48:07.421000,3371.0000,0.0000,19.6665,-15.0000,-6.0932,5301.0000,1500.0000
2745,13:48:07.431000,3328.0000,0.0000,19.6665,-5.0000,-6.1981,5314.0000,1500.0000
2753,13:48:07.441000,2957.0000,0.0000,19.6665,-36.0000,-5.6927,5308.0000,1500.0000
2761,13:48:07.451000,3074.0000,0.0000,19.6665,-20.0000,-5.5115,5307.0000,1500.0000
2769,13:48:07.461000,3980.0000,0.0000,19.6665,-36.0000,-5.8166,5317.0000,1500.0000
2777,13:48:07.471000,2804.0000,0.0000,19.6665,-15.0000,-6.3029,5315.0000,1500.0000
2785,13:48:07.481000,3230.0000,0.0000,19.6665,-46.0000,-6.4650,5314.0000,1500.0000
2793,13:48:07.491000,2585.0000,0.0000,15.7332,-46.0000,-6.0932,5326.0000,1500.0000
2801,13:48:07.501000,3207.0000,0.0000,19.6665,-12.0000,-5.8166,5312.0000,1500.0000
2809,13:48:07.511000,2945.0000,0.0000,19.6665,-10.0000,-5.9597,5332.0000,1500.0000
2817,13:48:07.521000,3117.0000,0.0000,19.6665,-20.0000,-6.3697,5337.0000,1500.0000
2825,13:48:07.531000,3476.0000,0.0000,19.6665,-27.0000,-6.0264,5331.0000,1500.0000
2833,13:48:07.541000,2667.0000,0.0000,19.6665,-20.0000,-5.5210,5347.0000,1500.0000
2841,13:48:07.551000,2828.0000,0.0000,19.6665,-43.0000,-5.5401,5341.0000,1500.0000
2849,13:48:07.561000,2796.0000,0.0000,19.6665,-29.0000,-6.3506,5381.0000,1500.0000
2857,13:48:07.571000,2937.0000,0.0000,19.6665,-17.0000,-6.3792,5361.0000,1500.0000
2865,13:48:07.581000,2753.0000,0.0000,19.6665,-10.0000,-6.0646,5386.0000,1500.0000
2873,13:48:07.591000,3128.0000,0.0000,19.6665,-43.0000,-5.6164,5401.0000,1500.0000
2881,13:48:07.601000,2933.0000,0.0000,19.6665,-46.0000,-5.9883,5344.0000,1500.0000
2889,13:48:07.611000,2410.0000,0.0000,19.6665,-27.0000,-6.2743,5404.0000,1500.0000
2897,13:48:07.621000,2535.0000,0.0000,19.6665,-36.0000,-5.9883,5381.0000,1500.0000
2905,13:48:07.631000,3281.0000,0.0000,19.6665,-31.0000,-5.4448,5372.0000,1500.0000
2913,13:48:07.641000,2964.0000,0.0000,19.6665,-17.0000,-5.4924,5410.0000,1500.0000
2921,13:48:07.651000,2460.0000,0.0000,19.6665,-20.0000,-5.9597,5371.0000,1500.0000
2929,13:48:07.661000,2417.0000,0.0000,19.6665,-24.0000,-6.4460,5391.0000,1500.0000
2937,13:48:07.671000,2332.0000,0.0000,19.6665,-27.0000,-5.9883,5419.0000,1500.0000
2945,13:48:07.681000,2503.0000,0.0000,19.6665,-41.0000,-5.8166,5428.0000,1500.0000
2953,13:48:07.691000,2593.0000,0.0000,19.6665,-31.0000,-5.8643,5402.0000,1500.0000
2961,13:48:07.701000,2839.0000,0.0000,19.6665,-29.0000,-6.2362,5403.0000,1500.0000
2969,13:48:07.711000,2671.0000,0.0000,19.6665,-31.0000,-5.7117,5439.0000,1500.0000
2977,13:48:07.721000,2566.0000,0.0000,19.6665,-31.0000,-5.3017,5403.0000,1500.0000
2985,13:48:07.731000,2156.0000,0.0000,19.6665,-48.0000,-5.2731,5414.0000,1500.0000
2993,13:48:07.741000,2300.0000,0.0000,19.6665,-43.0000,-5.5878,5418.0000,1500.0000
3001,13:48:07.751000,2738.0000,0.0000,19.6665,-22.0000,-6.0360,5429.0000,1500.0000
3009,13:48:07.761000,2617.0000,0.0000,19.6665,-46.0000,-6.3411,5429.0000,1500.0000
3017,13:48:07.771000,2839.0000,0.0000,19.6665,-34.0000,-5.9692,5354.0000,1500.0000
3025,13:48:07.781000,3078.0000,0.0000,19.6665,-24.0000,-5.7213,5460.0000,1500.0000
3033,13:48:07.791000,3003.0000,0.0000,19.6665,-29.0000,-5.5592,5461.0000,1500.0000
3041,13:48:07.801000,3062.0000,0.0000,19.6665,-34.0000,-6.2839,5425.0000,1500.0000
3049,13:48:07.811000,2867.0000,0.0000,19.6665,-36.0000,-5.9025,5465.0000,1500.0000
3057,13:48:07.821000,2843.0000,0.0000,19.6665,-39.0000,-5.7117,5444.0000,1500.0000
3065,13:48:07.831000,2941.0000,0.0000,19.6665,-39.0000,-5.9406,5505.0000,1500.0000
3073,13:48:07.841000,3632.0000,0.0000,19.6665,-27.0000,-6.5318,5466.0000,1500.0000
3081,13:48:07.851000,2863.0000,0.0000,19.6665,-24.0000,-6.6939,5449.0000,1500.0000
3089,13:48:07.861000,2750.0000,0.0000,23.5998,-43.0000,-6.1408,5491.0000,1500.0000
3097,13:48:07.871000,3015.0000,0.0000,19.6665,-34.0000,-5.9597,5467.0000,1500.0000
3105,13:48:07.881000,3359.0000,0.0000,19.6665,-20.0000,-6.1122,5485.0000,1500.0000
3113,13:48:07.891000,2253.0000,0.0000,19.6665,-29.0000,-6.3983,5510.0000,1500.0000
3121,13:48:07.901000,2953.0000,0.0000,23.5998,-51.0000,-6.0741,5471.0000,1500.0000
3129,13:48:07.911000,2660.0000,0.0000,19.6665,-15.0000,-5.8929,5476.0000,1500.0000
3137,13:48:07.921000,2910.0000,0.0000,19.6665,-31.0000,-5.8071,5479.0000,1500.0000
3145,13:48:07.931000,2714.0000,0.0000,23.5998,-29.0000,-6.5032,5459.0000,1500.0000
3153,13:48:07.941000,2894.0000,0.0000,19.6665,-20.0000,-6.5604,5502.0000,1500.0000
3161,13:48:07.951000,3207.0000,0.0000,19.6665,-10.0000,-6.2171,5486.0000,1500.0000
3169,13:48:07.961000,2546.0000,0.0000,23.5998,-27.0000,-5.5210,5510.0000,1500.0000
3177,13:48:07.971000,3390.0000,0.0000,19.6665,-46.0000,-6.0169,5488.0000,1500.0000
3185,13:48:07.981000,2894.0000,0.0000,19.6665,-31.0000,-6.2076,5499.0000,1500.0000
3193,13:48:07.991000,2851.0000,0.0000,19.6665,0.0000,-6.0360,5513.0000,1500.0000
3201,13:48:08.001000,2804.0000,0.0000,19.6665,-39.0000,-5.6259,5537.0000,1500.0000
3209,13:48:08.011000,2945.0000,0.0000,19.6665,-12.0000,-5.5210,5504.0000,1500.0000
3217,13:48:08.021000,2542.0000,0.0000,19.6665,-24.0000,-6.4174,5504.0000,1500.0000
3225,13:48:08.031000,3281.0000,0.0000,19.6665,-3.0000,-6.4746,5515.0000,1500.0000
3233,13:48:08.041000,2890.0000,0.0000,19.6665,-41.0000,-5.9311,5516.0000,1500.0000
3241,13:48:08.051000,2445.0000,0.0000,19.6665,-24.0000,-5.9787,5548.0000,1500.0000
3249,13:48:08.061000,2085.0000,0.0000,19.6665,-31.0000,-5.8452,5534.0000,1500.0000
3257,13:48:08.071000,2507.0000,0.0000,23.5998,-29.0000,-6.1313,5518.0000,1500.0000
3265,13:48:08.081000,2757.0000,0.0000,19.6665,-20.0000,-6.1504,5532.0000,1500.0000
3273,13:48:08.091000,2375.0000,0.0000,19.6665,-36.0000,-5.7499,5527.0000,1500.0000
3281,13:48:08.101000,2351.0000,0.0000,19.6665,-31.0000,-5.6450,5556.0000,1500.0000
3289,13:48:08.111000,2394.0000,0.0000,19.6665,-31.0000,-6.1218,5563.0000,1500.0000
3297,13:48:08.121000,3511.0000,0.0000,19.6665,-20.0000,-6.7606,5528.0000,1500.0000
3305,13:48:08.131000,3042.0000,0.0000,19.6665,-27.0000,-6.1694,5561.0000,1500.0000
3313,13:48:08.141000,2847.0000,0.0000,19.6665,-34.0000,-5.7976,5574.0000,1500.0000
3321,13:48:08.151000,2957.0000,0.0000,15.7332,-41.0000,-5.7499,5578.0000,1500.0000
3329,13:48:08.161000,2324.0000,0.0000,23.5998,-5.0000,-6.1027,5542.0000,1500.0000
3337,13:48:08.171000,3085.0000,0.0000,19.6665,-12.0000,-6.0455,5562.0000,1500.0000
3345,13:48:08.181000,2718.0000,0.0000,23.5998,-34.0000,-5.8357,5545.0000,1500.0000
3353,13:48:08.191000,2882.0000,0.0000,19.6665,-22.0000,-5.6355,5557.0000,1500.0000
3361,13:48:08.201000,2855.0000,0.0000,19.6665,-41.0000,-5.8738,5560.0000,1500.0000
3369,13:48:08.211000,3703.0000,0.0000,19.6665,-36.0000,-6.4746,5544.0000,1500.0000
3377,13:48:08.221000,2507.0000,0.0000,19.6665,-27.0000,-6.3602,5556.0000,1500.0000
3385,13:48:08.231000,2984.0000,0.0000,19.6665,-27.0000,-6.0360,5556.0000,1500.0000
3393,13:48:08.241000,2699.0000,0.0000,19.6665,-39.0000,-5.6831,5579.0000,1500.0000
3401,13:48:08.251000,3226.0000,0.0000,19.6665,-20.0000,-5.9406,5598.0000,1500.0000
3409,13:48:08.261000,2992.0000,0.0000,19.6665,-10.0000,-6.1027,5573.0000,1500.0000
3417,13:48:08.271000,1925.0000,0.0000,19.6665,-17.0000,-5.6831,5570.0000,1500.0000
3425,13:48:08.281000,2484.0000,0.0000,19.6665,-39.0000,-5.5687,5567.0000,1500.0000
3433,13:48:08.291000,2710.0000,0.0000,23.5998,-39.0000,-5.7594,5605.0000,1500.0000
3441,13:48:08.301000,3156.0000,0.0000,19.6665,-29.0000,-6.4269,5599.0000,1500.0000
3449,13:48:08.311000,2781.0000,0.0000,19.6665,-10.0000,-6.7034,5576.0000,1500.0000
3457,13:48:08.321000,3718.0000,0.0000,19.6665,-20.0000,-6.1218,5557.0000,1500.0000
3465,13:48:08.331000,2687.0000,0.0000,19.6665,-20.0000,-5.9692,5579.0000,1500.0000
3473,13:48:08.341000,3050.0000,0.0000,19.6665,-29.0000,-5.8738,5607.0000,1500.0000
3481,13:48:08.351000,3027.0000,0.0000,19.6665,-22.0000,-6.2457,5620.0000,1500.0000
3489,13:48:08.361000,2812.0000,0.0000,19.6665,-34.0000,-5.8929,5617.0000,1500.0000
3497,13:48:08.371000,2117.0000,0.0000,19.6665,-34.0000,-5.5973,5593.0000,1500.0000
3505,13:48:08.381000,3441.0000,0.0000,19.6665,-43.0000,-5.6927,5667.0000,1500.0000
3513,13:48:08.391000,2921.0000,0.0000,19.6665,-34.0000,-6.0360,5627.0000,1500.0000
3521,13:48:08.401000,2753.0000,0.0000,19.6665,-29.0000,-6.5127,5596.0000,1500.0000
3529,13:48:08.411000,2847.0000,0.0000,19.6665,-34.0000,-6.2648,5643.0000,1500.0000
3537,13:48:08.421000,2605.0000,0.0000,19.6665,-24.0000,-5.5878,5610.0000,1500.0000
3545,13:48:08.431000,2093.0000,0.0000,19.6665,-31.0000,-5.8071,5615.0000,1500.0000
3553,13:48:08.441000,3011.0000,0.0000,19.6665,-36.0000,-6.1694,5653.0000,1500.0000
3561,13:48:08.451000,2347.0000,0.0000,23.5998,-3.0000,-5.9692,5630.0000,1500.0000
3569,13:48:08.461000,2515.0000,0.0000,19.6665,-15.0000,-5.6641,5628.0000,1500.0000
3577,13:48:08.471000,2722.0000,0.0000,19.6665,-10.0000,-5.5687,5629.0000,1500.0000
3585,13:48:08.481000,2617.0000,0.0000,19.6665,-34.0000,-6.0646,5637.0000,1500.0000
3593,13:48:08.491000,2871.0000,0.0000,19.6665,-31.0000,-6.5699,5685.0000,1500.0000
3601,13:48:08.501000,2242.0000,0.0000,19.6665,-20.0000,-6.3411,5643.0000,1500.0000
3609,13:48:08.511000,2324.0000,0.0000,19.6665,-15.0000,-5.8738,5646.0000,1500.0000
3617,13:48:08.521000,2808.0000,0.0000,19.6665,-24.0000,-5.6164,5676.0000,1500.0000
3625,13:48:08.531000,2144.0000,0.0000,23.5998,-10.0000,-5.8548,5654.0000,1500.0000
3633,13:48:08.541000,2363.0000,0.0000,19.6665,-51.0000,-5.7594,5684.0000,1500.0000
3641,13:48:08.551000,2859.0000,0.0000,23.5998,-48.0000,-5.4257,5665.0000,1500.0000
3649,13:48:08.561000,2929.0000,0.0000,15.7332,-22.0000,-5.3399,5556.0000,1500.0000
3657,13:48:08.571000,1781.0000,0.0000,23.5998,-36.0000,-5.5973,5676.0000,1500.0000
3665,13:48:08.581000,2769.0000,0.0000,19.6665,-39.0000,-6.1408,5718.0000,1500.0000
3673,13:48:08.591000,2554.0000,0.0000,19.6665,-31.0000,-6.2743,5701.0000,1500.0000
3681,13:48:08.601000,2953.0000,0.0000,19.6665,-29.0000,-6.1313,5684.0000,1500.0000
3689,13:48:08.611000,3066.0000,0.0000,19.6665,-41.0000,-5.9597,5705.0000,1500.0000
3697,13:48:08.621000,3035.0000,0.0000,23.5998,-43.0000,-5.8071,5729.0000,1500.0000
3705,13:48:08.631000,2066.0000,0.0000,19.6665,-15.0000,-5.9978,5737.0000,1500.0000
3713,13:48:08.641000,2781.0000,0.0000,19.6665,-34.0000,-5.5973,5720.0000,1500.0000
3721,13:48:08.651000,2824.0000,0.0000,23.5998,-29.0000,-5.4543,5702.0000,1500.0000
3729,13:48:08.661000,3238.0000,0.0000,19.6665,-39.0000,-5.4352,5725.0000,1500.0000
3737,13:48:08.671000,2125.0000,0.0000,19.6665,-31.0000,-5.9787,5712.0000,1500.0000
3745,13:48:08.681000,2605.0000,0.0000,23.5998,-24.0000,-6.6462,5718.0000,1500.0000
3753,13:48:08.691000,2773.0000,0.0000,19.6665,-15.0000,-6.5127,5751.0000,1500.0000
3761,13:48:08.701000,2910.0000,0.0000,19.6665,-46.0000,-5.7594,5724.0000,1500.0000
3769,13:48:08.711000,2582.0000,0.0000,23.5998,-39.0000,-5.6641,5724.0000,1500.0000
3777,13:48:08.721000,3011.0000,0.0000,19.6665,-34.0000,-5.9311,5741.0000,1500.0000
3785,13:48:08.731000,3031.0000,0.0000,19.6665,-10.0000,-5.9692,5739.0000,1500.0000
3793,13:48:08.741000,2335.0000,0.0000,23.5998,-51.0000,-5.9692,5756.0000,1500.0000
3801,13:48:08.751000,2890.0000,0.0000,19.6665,-36.0000,-5.8929,5764.0000,1500.0000
3809,13:48:08.761000,3128.0000,0.0000,23.5998,-24.0000,-6.2839,5743.0000,1500.0000
3817,13:48:08.771000,3628.0000,0.0000,19.6665,-29.0000,-6.6081,5752.0000,1500.0000
3825,13:48:08.781000,3062.0000,0.0000,19.6665,-15.0000,-6.2171,5752.0000,1500.0000
3833,13:48:08.791000,2960.0000,0.0000,15.7332,-34.0000,-5.8262,5775.0000,1500.0000
3841,13:48:08.801000,2921.0000,0.0000,19.6665,-24.0000,-6.4841,5766.0000,1500.0000
3849,13:48:08.821000,2753.0000,0.0000,19.6665,-24.0000,-6.2076,5767.0000,1500.0000
3857,13:48:08.831000,2929.0000,0.0000,23.5998,-39.0000,-5.8071,5790.0000,1500.0000
3865,13:48:08.841000,2984.0000,0.0000,19.6665,-29.0000,-5.7785,5793.0000,1500.0000
3873,13:48:08.851000,2210.0000,0.0000,19.6665,-8.0000,-5.9597,5793.0000,1500.0000
3881,13:48:08.861000,2503.0000,0.0000,19.6665,-15.0000,-6.6081,5786.0000,1500.0000
3889,13:48:08.871000,2832.0000,0.0000,15.7332,-24.0000,-6.4746,5747.0000,1500.0000
3897,13:48:08.881000,2066.0000,0.0000,23.5998,-24.0000,-5.7117,5798.0000,1500.0000
3905,13:48:08.891000,2789.0000,0.0000,19.6665,-22.0000,-5.9787,5801.0000,1500.0000
3913,13:48:08.901000,3421.0000,0.0000,19.6665,-27.0000,-6.2076,5784.0000,1500.0000
3921,13:48:08.911000,2535.0000,0.0000,19.6665,-31.0000,-6.1122,5789.0000,1500.0000
3929,13:48:08.921000,2761.0000,0.0000,19.6665,-17.0000,-5.8071,5790.0000,1500.0000
3937,13:48:08.931000,3082.0000,0.0000,19.6665,-31.0000,-5.5401,5826.0000,1500.0000
3945,13:48:08.941000,2082.0000,0.0000,19.6665,-20.0000,-5.7022,5843.0000,1500.0000
3953,13:48:08.951000,2277.0000,0.0000,19.6665,-17.0000,-6.3697,5829.0000,1500.0000
3961,13:48:08.961000,2746.0000,0.0000,19.6665,-12.0000,-6.2934,5803.0000,1500.0000
3969,13:48:08.971000,2945.0000,0.0000,15.7332,-24.0000,-5.9215,5807.0000,1500.0000
3977,13:48:08.981000,2707.0000,0.0000,19.6665,-41.0000,-5.7785,5807.0000,1500.0000
3985,13:48:08.991000,2667.0000,0.0000,19.6665,-29.0000,-6.3602,5831.0000,1500.0000
3993,13:48:09.001000,2828.0000,0.0000,19.6665,-12.0000,-6.2362,5827.0000,1500.0000
4001,13:48:09.011000,2628.0000,0.0000,19.6665,0.0000,-5.7499,5826.0000,1500.0000
4009,13:48:09.021000,2960.0000,0.0000,19.6665,-8.0000,-5.4924,5818.0000,1500.0000
4017,13:48:09.031000,2304.0000,0.0000,19.6665,-36.0000,-5.7690,5822.0000,1500.0000
4025,13:48:09.041000,2113.0000,0.0000,19.6665,-10.0000,-6.4078,5850.0000,1500.0000
4033,13:48:09.051000,2542.0000,0.0000,19.6665,-15.0000,-6.4555,5821.0000,1500.0000
4041,13:48:09.061000,2125.0000,0.0000,19.6665,-22.0000,-6.0360,5824.0000,1500.0000
4049,13:48:09.071000,2636.0000,0.0000,19.6665,-12.0000,-5.5020,5857.0000,1500.0000
4057,13:48:09.081000,3109.0000,0.0000,23.5998,-34.0000,-5.7690,5855.0000,1500.0000
4065,13:48:09.091000,2683.0000,0.0000,19.6665,-31.0000,-5.9787,5869.0000,1500.0000
4073,13:48:09.101000,2726.0000,0.0000,19.6665,-22.0000,-5.9215,5848.0000,1500.0000
4081,13:48:09.111000,1968.0000,0.0000,19.6665,-36.0000,-5.7690,5834.0000,1500.0000
4089,13:48:09.121000,2140.0000,0.0000,19.6665,-31.0000,-5.5210,5885.0000,1500.0000
4097,13:48:09.131000,1980.0000,0.0000,15.7332,-41.0000,-6.1122,5851.0000,1500.0000
4105,13:48:09.141000,2566.0000,0.0000,19.6665,0.0000,-6.6844,5913.0000,1500.0000
4113,13:48:09.151000,2601.0000,0.0000,19.6665,-8.0000,-6.4078,5895.0000,1500.0000
4121,13:48:09.161000,2863.0000,0.0000,15.7332,-22.0000,-5.8548,5880.0000,1500.0000
4129,13:48:09.171000,1882.0000,0.0000,19.6665,-24.0000,-5.7594,5871.0000,1500.0000
4137,13:48:09.181000,2195.0000,0.0000,19.6665,-15.0000,-6.2457,5927.0000,1500.0000
4145,13:48:09.191000,2132.0000,0.0000,19.6665,-34.0000,-6.2076,5898.0000,1500.0000
4153,13:48:09.201000,2371.0000,0.0000,19.6665,-43.0000,-5.6069,5878.0000,1500.0000
4161,13:48:09.211000,2761.0000,0.0000,19.6665,-36.0000,-5.4924,5894.0000,1500.0000
4169,13:48:09.221000,2113.0000,0.0000,19.6665,-34.0000,-5.9311,5895.0000,1500.0000
4177,13:48:09.231000,2402.0000,0.0000,19.6665,-24.0000,-6.5127,5903.0000,1500.0000
4185,13:48:09.241000,2148.0000,0.0000,19.6665,-3.0000,-6.2362,5946.0000,1500.0000
4193,13:48:09.251000,2726.0000,0.0000,19.6665,-34.0000,-5.8548,5899.0000,1500.0000
4201,13:48:09.261000,2449.0000,0.0000,19.6665,-36.0000,-5.5973,5933.0000,1500.0000
4209,13:48:09.271000,2707.0000,0.0000,19.6665,-17.0000,-6.0360,5942.0000,1500.0000
4217,13:48:09.281000,2257.0000,0.0000,19.6665,-17.0000,-5.9787,5918.0000,1500.0000
4225,13:48:09.291000,2687.0000,0.0000,15.7332,-29.0000,-5.7976,5934.0000,1500.0000
4233,13:48:09.301000,2703.0000,0.0000,19.6665,-34.0000,-5.4257,5924.0000,1500.0000
4241,13:48:09.311000,3187.0000,0.0000,23.5998,-34.0000,-5.7022,5917.0000,1500.0000
4249,13:48:09.321000,2554.0000,0.0000,15.7332,-29.0000,-6.4937,5928.0000,1500.0000
4257,13:48:09.331000,2277.0000,0.0000,19.6665,-17.0000,-6.2553,5958.0000,1500.0000
4265,13:48:09.341000,2144.0000,0.0000,19.6665,-17.0000,-5.9692,5974.0000,1500.0000
4273,13:48:09.351000,2839.0000,0.0000,19.6665,-29.0000,-5.6259,5950.0000,1500.0000
4281,13:48:09.361000,2792.0000,0.0000,19.6665,-36.0000,-5.8071,5897.0000,1500.0000
4289,13:48:09.371000,2429.0000,0.0000,19.6665,-20.0000,-6.3029,5974.0000,1500.0000
4297,13:48:09.381000,3339.0000,0.0000,19.6665,-31.0000,-5.8071,5988.0000,1500.0000
4305,13:48:09.391000,2679.0000,0.0000,19.6665,-34.0000,-5.5592,5969.0000,1500.0000
4313,13:48:09.401000,2640.0000,0.0000,19.6665,-46.0000,-5.4543,5952.0000,1500.0000
4321,13:48:09.411000,2835.0000,0.0000,19.6665,-36.0000,-6.1408,5954.0000,1500.0000
4329,13:48:09.421000,2164.0000,0.0000,19.6665,-20.0000,-6.6462,6033.0000,1500.0000
4337,13:48:09.431000,2722.0000,0.0000,19.6665,-27.0000,-6.2648,5969.0000,1500.0000
4345,13:48:09.441000,2679.0000,0.0000,19.6665,-24.0000,-5.8643,6006.0000,1500.0000
4353,13:48:09.451000,2398.0000,0.0000,19.6665,-34.0000,-5.9787,5974.0000,1500.0000
4361,13:48:09.461000,2847.0000,0.0000,19.6665,-31.0000,-6.3506,5967.0000,1500.0000
4369,13:48:09.471000,2632.0000,0.0000,23.5998,-22.0000,-6.0646,5999.0000,1500.0000
4377,13:48:09.481000,2933.0000,0.0000,19.6665,-36.0000,-5.7690,6011.0000,1500.0000
4385,13:48:09.491000,2550.0000,0.0000,19.6665,-31.0000,-5.5306,5994.0000,1500.0000
4393,13:48:09.501000,2601.0000,0.0000,19.6665,-29.0000,-6.1027,5980.0000,1500.0000
4401,13:48:09.511000,3000.0000,0.0000,19.6665,-41.0000,-6.6462,5989.0000,1500.0000
4409,13:48:09.521000,2238.0000,0.0000,23.5998,-12.0000,-6.5699,6026.0000,1500.0000
4417,13:48:09.531000,2695.0000,0.0000,23.5998,-46.0000,-5.9787,6019.0000,1500.0000
4425,13:48:09.541000,2625.0000,0.0000,19.6665,-43.0000,-5.8452,6038.0000,1500.0000
4433,13:48:09.551000,2230.0000,0.0000,19.6665,-31.0000,-6.1694,6014.0000,1500.0000
4441,13:48:09.561000,2691.0000,0.0000,15.7332,-41.0000,-5.8071,6035.0000,1500.0000
4449,13:48:09.571000,2636.0000,0.0000,19.6665,-24.0000,-5.6641,6027.0000,1500.0000
4457,13:48:09.581000,2457.0000,0.0000,19.6665,-48.0000,-5.5496,6012.0000,1500.0000
4465,13:48:09.591000,2769.0000,0.0000,19.6665,-36.0000,-5.8929,6046.0000,1500.0000
4473,13:48:09.601000,2511.0000,0.0000,23.5998,-31.0000,-6.5699,6015.0000,1500.0000
4481,13:48:09.611000,2679.0000,0.0000,19.6665,-41.0000,-6.5223,6024.0000,1500.0000
4489,13:48:09.621000,2718.0000,0.0000,19.6665,-43.0000,-6.1122,6063.0000,1500.0000
4497,13:48:09.631000,2144.0000,0.0000,19.6665,-31.0000,-5.7404,6033.0000,1500.0000
4505,13:48:09.641000,3085.0000,0.0000,19.6665,-34.0000,-6.0836,6040.0000,1500.0000
4513,13:48:09.651000,2433.0000,0.0000,19.6665,-12.0000,-6.0550,6035.0000,1500.0000
4521,13:48:09.661000,2675.0000,0.0000,19.6665,-12.0000,-5.8262,6038.0000,1500.0000
4529,13:48:09.671000,2300.0000,0.0000,19.6665,-39.0000,-5.5973,6073.0000,1500.0000
4537,13:48:09.681000,1527.0000,0.0000,19.6665,-36.0000,-5.9406,6049.0000,1500.0000
4545,13:48:09.691000,2113.0000,0.0000,19.6665,-29.0000,-6.6558,6044.0000,1500.0000
4553,13:48:09.701000,2609.0000,0.0000,19.6665,-36.0000,-6.7797,6052.0000,1500.0000
4561,13:48:09.711000,2789.0000,0.0000,19.6665,-34.0000,-6.1504,6048.0000,1500.0000
4569,13:48:09.721000,2816.0000,0.0000,19.6665,-17.0000,-5.9025,6085.0000,1500.0000
4577,13:48:09.731000,2867.0000,0.0000,19.6665,-41.0000,-6.1122,6081.0000,1500.0000
4585,13:48:09.741000,2539.0000,0.0000,19.6665,-15.0000,-6.3029,6064.0000,1500.0000
4593,13:48:09.751000,2929.0000,0.0000,19.6665,-29.0000,-6.0455,6054.0000,1500.0000
4601,13:48:09.761000,2652.0000,0.0000,19.6665,-39.0000,-5.7976,6063.0000,1500.0000
4609,13:48:09.771000,2859.0000,0.0000,19.6665,-39.0000,-5.8166,6098.0000,1500.0000
4617,13:48:09.781000,1789.0000,0.0000,19.6665,-48.0000,-6.4174,6076.0000,1500.0000
4625,13:48:09.791000,2660.0000,0.0000,19.6665,-36.0000,-6.5127,6080.0000,1500.0000
4633,13:48:09.801000,2207.0000,0.0000,19.6665,-20.0000,-6.2171,6072.0000,1500.0000
4641,13:48:09.811000,2757.0000,0.0000,19.6665,-39.0000,-5.6450,6077.0000,1500.0000
4649,13:48:09.821000,2972.0000,0.0000,19.6665,-20.0000,-5.7404,6093.0000,1500.0000
4657,13:48:09.831000,2671.0000,0.0000,19.6665,-36.0000,-6.3697,6085.0000,1500.0000
4665,13:48:09.841000,1535.0000,0.0000,19.6665,-27.0000,-5.7022,6094.0000,1500.0000
4673,13:48:09.851000,2984.0000,0.0000,19.6665,-36.0000,-5.5210,6076.0000,1500.0000
4681,13:48:09.861000,2632.0000,0.0000,19.6665,-29.0000,-5.5496,6095.0000,1500.0000
4689,13:48:09.871000,1863.0000,0.0000,19.6665,-15.0000,-6.1885,6104.0000,1500.0000
4697,13:48:09.881000,1964.0000,0.0000,19.6665,-22.0000,-6.4937,6125.0000,1500.0000
4705,13:48:09.891000,2902.0000,0.0000,23.5998,-24.0000,-6.2171,6136.0000,1500.0000
4713,13:48:09.901000,2425.0000,0.0000,19.6665,-43.0000,-5.8929,6099.0000,1500.0000
4721,13:48:09.911000,2355.0000,0.0000,23.5998,-34.0000,-5.7785,6062.0000,1500.0000
4729,13:48:09.921000,2843.0000,0.0000,19.6665,-31.0000,-6.1790,6109.0000,1500.0000
4737,13:48:09.931000,2777.0000,0.0000,19.6665,-34.0000,-6.0836,6112.0000,1500.0000
4745,13:48:09.941000,2128.0000,0.0000,19.6665,-29.0000,-5.5210,6119.0000,1500.0000
4753,13:48:09.951000,2898.0000,0.0000,19.6665,-39.0000,-5.5115,6140.0000,1500.0000
4761,13:48:09.961000,2570.0000,0.0000,23.5998,-31.0000,-5.6545,6141.0000,1500.0000
4769,13:48:09.971000,2847.0000,0.0000,19.6665,-41.0000,-6.4650,6151.0000,1500.0000
4777,13:48:09.981000,2386.0000,0.0000,19.6665,-12.0000,-6.4650,6121.0000,1500.0000
4785,13:48:09.991000,2882.0000,0.0000,19.6665,-10.0000,-6.0073,6128.0000,1500.0000
4793,13:48:10.001000,1988.0000,0.0000,19.6665,-39.0000,-5.7213,6125.0000,1500.0000
4801,13:48:10.011000,2437.0000,0.0000,19.6665,-27.0000,-6.2267,6133.0000,1500.0000
4809,13:48:10.021000,2742.0000,0.0000,19.6665,-24.0000,-6.3125,6141.0000,1500.0000
4817,13:48:10.031000,2234.0000,0.0000,19.6665,-27.0000,-5.8262,6146.0000,1500.0000
4825,13:48:10.041000,2414.0000,0.0000,19.6665,-31.0000,-5.6164,6145.0000,1500.0000
4833,13:48:10.051000,2531.0000,0.0000,19.6665,-24.0000,-5.8166,6168.0000,1500.0000
4841,13:48:10.061000,2140.0000,0.0000,19.6665,-27.0000,-6.5509,6162.0000,1500.0000
4849,13:48:10.071000,2957.0000,0.0000,19.6665,-34.0000,-6.6462,6155.0000,1500.0000
4857,13:48:10.081000,2839.0000,0.0000,15.7332,-43.0000,-6.0073,6143.0000,1500.0000
4865,13:48:10.091000,2781.0000,0.0000,23.5998,-34.0000,-5.8262,6170.0000,1500.0000
4873,13:48:10.101000,2492.0000,0.0000,15.7332,-10.0000,-5.7976,6148.0000,1500.0000
4881,13:48:10.111000,2726.0000,0.0000,23.5998,-36.0000,-6.1122,6156.0000,1500.0000
4889,13:48:10.121000,2949.0000,0.0000,19.6665,-20.0000,-5.7213,6162.0000,1500.0000
4897,13:48:10.131000,2792.0000,0.0000,19.6665,-31.0000,-5.4829,6152.0000,1500.0000
4905,13:48:10.141000,2343.0000,0.0000,23.5998,-31.0000,-5.6736,6196.0000,1500.0000
4913,13:48:10.151000,2843.0000,0.0000,19.6665,-31.0000,-6.2648,6167.0000,1500.0000
4921,13:48:10.161000,2585.0000,0.0000,19.6665,-24.0000,-6.6176,6178.0000,1500.0000
4929,13:48:10.171000,3015.0000,0.0000,19.6665,-27.0000,-6.1313,6170.0000,1500.0000
4937,13:48:10.181000,2843.0000,0.0000,19.6665,-24.0000,-5.7213,6195.0000,1500.0000
4945,13:48:10.191000,2078.0000,0.0000,15.7332,-20.0000,-5.5973,6176.0000,1500.0000
4953,13:48:10.201000,2515.0000,0.0000,23.5998,-43.0000,-6.0646,6188.0000,1500.0000
4961,13:48:10.211000,1839.0000,0.0000,19.6665,-31.0000,-6.0455,6183.0000,1500.0000
4969,13:48:10.221000,2628.0000,0.0000,19.6665,-34.0000,-5.6450,6237.0000,1500.0000
4977,13:48:10.231000,3367.0000,0.0000,23.5998,-39.0000,-5.4257,6184.0000,1500.0000
4985,13:48:10.241000,2777.0000,0.0000,19.6665,-39.0000,-5.8166,6184.0000,1500.0000
4993,13:48:10.251000,2093.0000,0.0000,19.6665,-31.0000,-6.3983,6219.0000,1500.0000
5001,13:48:10.261000,2886.0000,0.0000,19.6665,-27.0000,-6.3506,6206.0000,1500.0000
5009,13:48:10.271000,2718.0000,0.0000,19.6665,-27.0000,-6.0360,6227.0000,1500.0000
5017,13:48:10.281000,3351.0000,0.0000,19.6665,-34.0000,-5.8357,6179.0000,1500.0000
5025,13:48:10.291000,2660.0000,0.0000,19.6665,-31.0000,-6.0360,6217.0000,1500.0000
5033,13:48:10.301000,2562.0000,0.0000,19.6665,-20.0000,-6.3411,6212.0000,1500.0000
5041,13:48:10.311000,2792.0000,0.0000,23.5998,-29.0000,-5.9120,6211.0000,1500.0000
5049,13:48:10.321000,3667.0000,0.0000,19.6665,-31.0000,-5.7308,6214.0000,1500.0000
5057,13:48:10.331000,2203.0000,0.0000,19.6665,-41.0000,-5.8166,6215.0000,1500.0000
5065,13:48:10.341000,2785.0000,0.0000,23.5998,-31.0000,-6.6844,6226.0000,1500.0000
5073,13:48:10.351000,3484.0000,0.0000,19.6665,-12.0000,-6.6176,6222.0000,1500.0000
5081,13:48:10.361000,2289.0000,0.0000,19.6665,-36.0000,-6.0646,6244.0000,1500.0000
5089,13:48:10.371000,2550.0000,0.0000,19.6665,-22.0000,-5.8071,6243.0000,1500.0000
5097,13:48:10.381000,2953.0000,0.0000,19.6665,-36.0000,-6.3506,6195.0000,1500.0000
5105,13:48:10.391000,2273.0000,0.0000,19.6665,-5.0000,-6.1790,6242.0000,1500.0000
5113,13:48:10.401000,2921.0000,0.0000,19.6665,-39.0000,-5.9501,6228.0000,1500.0000
5121,13:48:10.411000,2871.0000,0.0000,19.6665,-27.0000,-5.5878,6251.0000,1500.0000
5129,13:48:10.421000,2796.0000,0.0000,19.6665,-48.0000,-5.8929,6246.0000,1500.0000
5137,13:48:10.431000,2660.0000,0.0000,19.6665,-22.0000,-6.5413,6234.0000,1500.0000
5145,13:48:10.441000,3050.0000,0.0000,19.6665,-20.0000,-6.4364,6231.0000,1500.0000
5153,13:48:10.451000,2492.0000,0.0000,19.6665,-36.0000,-6.2267,6267.0000,1500.0000
5161,13:48:10.461000,2335.0000,0.0000,19.6665,-24.0000,-5.6545,6275.0000,1500.0000
5169,13:48:10.471000,2765.0000,0.0000,19.6665,-20.0000,-5.8452,6252.0000,1500.0000
5177,13:48:10.481000,3054.0000,0.0000,19.6665,-15.0000,-6.2362,6244.0000,1500.0000
5185,13:48:10.491000,2996.0000,0.0000,19.6665,-39.0000,-5.7785,6278.0000,1500.0000
5193,13:48:10.501000,2808.0000,0.0000,19.6665,-29.0000,-5.3875,6251.0000,1500.0000
5201,13:48:10.511000,3039.0000,0.0000,19.6665,-51.0000,-5.5783,6268.0000,1500.0000
5209,13:48:10.521000,2414.0000,0.0000,19.6665,-22.0000,-6.2934,6289.0000,1500.0000
5217,13:48:10.531000,2628.0000,0.0000,19.6665,-31.0000,-6.5699,6249.0000,1500.0000
5225,13:48:10.541000,2875.0000,0.0000,19.6665,-29.0000,-6.1694,6261.0000,1500.0000
5233,13:48:10.551000,2953.0000,0.0000,19.6665,-34.0000,-5.8357,6271.0000,1500.0000
5241,13:48:10.561000,2765.0000,0.0000,23.5998,-39.0000,-6.0264,6271.0000,1500.0000
5249,13:48:10.571000,2464.0000,0.0000,19.6665,-27.0000,-6.2457,6274.0000,1500.0000
5257,13:48:10.581000,2488.0000,0.0000,19.6665,-36.0000,-6.0264,6267.0000,1500.0000
5265,13:48:10.591000,3164.0000,0.0000,19.6665,-41.0000,-5.8262,6272.0000,1500.0000
5273,13:48:10.601000,3535.0000,0.0000,19.6665,-20.0000,-5.4924,6274.0000,1500.0000
5281,13:48:10.611000,3156.0000,0.0000,19.6665,-34.0000,-6.1218,6288.0000,1500.0000
5289,13:48:10.621000,2347.0000,0.0000,19.6665,-27.0000,-6.6653,6314.0000,1500.0000
5297,13:48:10.631000,2332.0000,0.0000,19.6665,-24.0000,-6.2457,6319.0000,1500.0000
5305,13:48:10.641000,2871.0000,0.0000,15.7332,-24.0000,-5.7690,6275.0000,1500.0000
5313,13:48:10.651000,2707.0000,0.0000,19.6665,-27.0000,-5.8071,6294.0000,1500.0000
5321,13:48:10.661000,2816.0000,0.0000,23.5998,-24.0000,-6.1408,6296.0000,1500.0000
5329,13:48:10.671000,2433.0000,0.0000,19.6665,-8.0000,-6.1504,6295.0000,1500.0000
5337,13:48:10.681000,3320.0000,0.0000,23.5998,-41.0000,-5.6545,6295.0000,1500.0000
5345,13:48:10.691000,3011.0000,0.0000,19.6665,-17.0000,-5.5401,6290.0000,1500.0000
5353,13:48:10.701000,3328.0000,0.0000,19.6665,-43.0000,-5.7880,6307.0000,1500.0000
5361,13:48:10.711000,3285.0000,0.0000,19.6665,-34.0000,-6.3411,6340.0000,1500.0000
5369,13:48:10.721000,3156.0000,0.0000,19.6665,-29.0000,-6.3220,6304.0000,1500.0000
5377,13:48:10.731000,2582.0000,0.0000,23.5998,-24.0000,-6.1122,6310.0000,1500.0000
5385,13:48:10.741000,3316.0000,0.0000,19.6665,-48.0000,-5.5210,6307.0000,1500.0000
5393,13:48:10.751000,2488.0000,0.0000,19.6665,-31.0000,-5.8929,6314.0000,1500.0000
5401,13:48:10.761000,3082.0000,0.0000,19.6665,-31.0000,-6.2553,6310.0000,1500.0000
5409,13:48:10.771000,3246.0000,0.0000,19.6665,-20.0000,-5.7022,6354.0000,1500.0000
5417,13:48:10.781000,3511.0000,0.0000,19.6665,-60.0000,-5.3399,6312.0000,1500.0000
5425,13:48:10.791000,4449.0000,0.0000,19.6665,-36.0000,-5.5973,6308.0000,1500.0000
5433,13:48:10.801000,3050.0000,0.0000,19.6665,-31.0000,-6.4364,6354.0000,1500.0000
5441,13:48:10.811000,3441.0000,0.0000,19.6665,-8.0000,-6.4746,6344.0000,1500.0000
5449,13:48:10.821000,3394.0000,0.0000,19.6665,-31.0000,-6.2934,6332.0000,1500.0000
5457,13:48:10.831000,3257.0000,0.0000,19.6665,-36.0000,-5.7594,6335.0000,1500.0000
5465,13:48:10.841000,3316.0000,0.0000,19.6665,-31.0000,-6.2839,6322.0000,1500.0000
5473,13:48:10.851000,3425.0000,0.0000,19.6665,-17.0000,-6.3125,6336.0000,1500.0000
5481,13:48:10.861000,3312.0000,0.0000,19.6665,-31.0000,-6.0836,6369.0000,1500.0000
5489,13:48:10.871000,2875.0000,0.0000,23.5998,-24.0000,-5.5687,6376.0000,1500.0000
5497,13:48:10.881000,3679.0000,0.0000,23.5998,-34.0000,-5.7499,6356.0000,1500.0000
5505,13:48:10.891000,4421.0000,0.0000,19.6665,-29.0000,-6.2171,6299.0000,1500.0000
5513,13:48:10.901000,3085.0000,0.0000,19.6665,-27.0000,-6.4746,6347.0000,1500.0000
5521,13:48:10.911000,3394.0000,0.0000,19.6665,-22.0000,-6.4078,6351.0000,1500.0000
5529,13:48:10.921000,3648.0000,0.0000,19.6665,-29.0000,-5.7594,6389.0000,1500.0000
5537,13:48:10.931000,3218.0000,0.0000,19.6665,11.0000,-5.8166,6338.0000,1500.0000
5545,13:48:10.941000,3902.0000,0.0000,19.6665,-39.0000,-6.2457,6352.0000,1500.0000
5553,13:48:10.951000,3710.0000,0.0000,19.6665,-29.0000,-5.9787,6331.0000,1500.0000
5561,13:48:10.961000,3046.0000,0.0000,19.6665,-36.0000,-5.6355,6366.0000,1500.0000
5569,13:48:10.971000,3738.0000,0.0000,19.6665,-31.0000,-5.5783,6379.0000,1500.0000
5577,13:48:10.981000,4046.0000,0.0000,19.6665,-34.0000,-5.9025,6360.0000,1500.0000
5585,13:48:10.991000,4113.0000,0.0000,19.6665,-10.0000,-6.6558,6380.0000,1500.0000
5593,13:48:11.001000,3691.0000,0.0000,19.6665,-24.0000,-6.1504,6381.0000,1500.0000
5601,13:48:11.011000,3308.0000,0.0000,19.6665,-31.0000,-5.8166,6422.0000,1500.0000
5609,13:48:11.021000,3402.0000,0.0000,19.6665,-41.0000,-5.6164,6402.0000,1500.0000
5617,13:48:11.031000,3207.0000,0.0000,19.6665,-24.0000,-6.0264,6370.0000,1500.0000
5625,13:48:11.041000,3484.0000,0.0000,19.6665,-20.0000,-5.8071,6398.0000,1500.0000
5633,13:48:11.051000,2847.0000,0.0000,19.6665,-41.0000,-5.6736,6405.0000,1500.0000
5641,13:48:11.061000,3468.0000,0.0000,19.6665,-22.0000,-5.4638,6394.0000,1500.0000
5649,13:48:11.071000,3480.0000,0.0000,19.6665,-31.0000,-5.6069,6437.0000,1500.0000
5657,13:48:11.081000,3089.0000,0.0000,19.6665,-22.0000,-6.3125,6421.0000,1500.0000
5665,13:48:11.091000,3335.0000,0.0000,19.6665,-17.0000,-6.3506,6399.0000,1500.0000
5673,13:48:11.101000,3722.0000,0.0000,19.6665,-31.0000,-5.9215,6413.0000,1500.0000
5681,13:48:11.111000,3421.0000,0.0000,19.6665,-29.0000,-5.3971,6409.0000,1500.0000
5689,13:48:11.121000,3585.0000,0.0000,19.6665,-27.0000,-5.6641,6428.0000,1500.0000
5697,13:48:11.131000,3105.0000,0.0000,19.6665,-39.0000,-6.1885,6398.0000,1500.0000
5705,13:48:11.141000,3074.0000,0.0000,19.6665,-22.0000,-5.9501,6441.0000,1500.0000
5713,13:48:11.151000,3519.0000,0.0000,19.6665,-29.0000,-5.9025,6440.0000,1500.0000
5721,13:48:11.161000,3273.0000,0.0000,19.6665,-36.0000,-5.6069,6419.0000,1500.0000
5729,13:48:11.171000,3062.0000,0.0000,19.6665,-48.0000,-6.0741,6440.0000,1500.0000
5737,13:48:11.181000,2761.0000,0.0000,19.6665,-48.0000,-6.2743,6420.0000,1500.0000
5745,13:48:11.191000,3203.0000,0.0000,19.6665,-36.0000,-6.1313,6441.0000,1500.0000
5753,13:48:11.201000,3097.0000,0.0000,19.6665,-46.0000,-5.8929,6378.0000,1500.0000
5761,13:48:11.211000,3218.0000,0.0000,19.6665,-36.0000,-6.1313,6438.0000,1500.0000
5769,13:48:11.221000,3105.0000,0.0000,19.6665,-46.0000,-6.3602,6455.0000,1500.0000
5777,13:48:11.231000,2566.0000,0.0000,19.6665,-31.0000,-6.0741,6457.0000,1500.0000
5785,13:48:11.241000,2964.0000,0.0000,19.6665,-24.0000,-5.8834,6446.0000,1500.0000
5793,13:48:11.251000,3531.0000,0.0000,15.7332,-29.0000,-5.7690,6474.0000,1500.0000
5801,13:48:11.261000,2593.0000,0.0000,19.6665,-34.0000,-6.1504,6495.0000,1500.0000
5809,13:48:11.271000,3250.0000,0.0000,23.5998,-29.0000,-6.8369,6486.0000,1500.0000
5817,13:48:11.281000,3304.0000,0.0000,19.6665,-43.0000,-6.3220,6440.0000,1500.0000
5825,13:48:11.291000,2859.0000,0.0000,19.6665,-34.0000,-6.2076,6454.0000,1500.0000
5833,13:48:11.301000,2386.0000,0.0000,19.6665,-34.0000,-6.1313,6485.0000,1500.0000
5841,13:48:11.311000,3093.0000,0.0000,19.6665,-36.0000,-6.4650,6490.0000,1500.0000
5849,13:48:11.321000,3070.0000,0.0000,19.6665,-48.0000,-5.9311,6501.0000,1500.0000
5857,13:48:11.331000,3210.0000,0.0000,23.5998,-51.0000,-5.7117,6456.0000,1500.0000
5865,13:48:11.341000,3296.0000,0.0000,19.6665,-12.0000,-5.5973,6464.0000,1500.0000
5873,13:48:11.351000,2535.0000,0.0000,19.6665,-51.0000,-6.2553,6462.0000,1500.0000
5881,13:48:11.361000,3781.0000,0.0000,19.6665,-27.0000,-6.6748,6465.0000,1500.0000
5889,13:48:11.371000,3105.0000,0.0000,23.5998,-43.0000,-6.2553,6476.0000,1500.0000
5897,13:48:11.381000,2511.0000,0.0000,19.6665,-31.0000,-6.0455,6457.0000,1500.0000
5905,13:48:11.391000,3039.0000,0.0000,19.6665,-24.0000,-5.7880,6474.0000,1500.0000
5913,13:48:11.401000,3058.0000,0.0000,23.5998,-29.0000,-6.1694,6478.0000,1500.0000
5921,13:48:11.411000,2847.0000,0.0000,23.5998,-27.0000,-5.9501,6477.0000,1500.0000
5929,13:48:11.421000,3156.0000,0.0000,19.6665,-43.0000,-5.5783,6482.0000,1500.0000
5937,13:48:11.431000,2816.0000,0.0000,19.6665,-31.0000,-5.4448,6478.0000,1500.0000
5945,13:48:11.441000,3000.0000,0.0000,19.6665,-31.0000,-5.9692,6453.0000,1500.0000
5953,13:48:11.451000,3355.0000,0.0000,19.6665,-27.0000,-6.4078,6493.0000,1500.0000
5961,13:48:11.461000,3617.0000,0.0000,19.6665,-27.0000,-6.6558,6491.0000,1500.0000
5969,13:48:11.471000,2542.0000,0.0000,19.6665,-55.0000,-5.9025,6523.0000,1500.0000
5977,13:48:11.481000,2929.0000,0.0000,19.6665,-29.0000,-5.7690,6487.0000,1500.0000
5985,13:48:11.491000,2867.0000,0.0000,19.6665,-24.0000,-6.0741,6521.0000,1500.0000
5993,13:48:11.501000,3351.0000,0.0000,19.6665,-31.0000,-6.0932,6505.0000,1500.0000
6001,13:48:11.511000,3027.0000,0.0000,19.6665,-15.0000,-5.8071,6518.0000,1500.0000
6009,13:48:11.521000,2550.0000,0.0000,19.6665,-39.0000,-5.5687,6541.0000,1500.0000
6017,13:48:11.531000,3039.0000,0.0000,19.6665,-24.0000,-5.5687,6506.0000,1500.0000
6025,13:48:11.541000,2996.0000,0.0000,19.6665,-34.0000,-6.4364,6511.0000,1500.0000
6033,13:48:11.551000,2902.0000,0.0000,23.5998,-27.0000,-6.4078,6520.0000,1500.0000
6041,13:48:11.561000,2937.0000,0.0000,19.6665,-27.0000,-5.8929,6546.0000,1500.0000
6049,13:48:11.571000,3308.0000,0.0000,19.6665,-20.0000,-5.6927,6515.0000,1500.0000
6057,13:48:11.581000,3281.0000,0.0000,19.6665,-41.0000,-5.7499,6514.0000,1500.0000
6065,13:48:11.591000,2488.0000,0.0000,19.6665,-34.0000,-6.1218,6513.0000,1500.0000
6073,13:48:11.601000,3011.0000,0.0000,19.6665,-39.0000,-5.8834,6533.0000,1500.0000
6081,13:48:11.611000,3039.0000,0.0000,19.6665,-39.0000,-5.3971,6517.0000,1500.0000
6089,13:48:11.621000,3066.0000,0.0000,19.6665,-51.0000,-5.3589,6548.0000,1500.0000
6097,13:48:11.631000,2746.0000,0.0000,19.6665,-39.0000,-6.1790,6522.0000,1500.0000
6105,13:48:11.641000,3175.0000,0.0000,19.6665,-15.0000,-6.3697,6524.0000,1500.0000
6113,13:48:11.651000,3257.0000,0.0000,19.6665,-10.0000,-6.2362,6542.0000,1500.0000
6121,13:48:11.661000,2941.0000,0.0000,23.5998,-31.0000,-5.9406,6565.0000,1500.0000
6129,13:48:11.671000,2816.0000,0.0000,19.6665,-17.0000,-5.8643,6581.0000,1500.0000
6137,13:48:11.681000,3722.0000,0.0000,19.6665,-34.0000,-6.4364,6535.0000,1500.0000
6145,13:48:11.691000,3828.0000,0.0000,15.7332,-43.0000,-6.0646,6552.0000,1500.0000
6153,13:48:11.701000,3167.0000,0.0000,19.6665,-39.0000,-5.5496,6547.0000,1500.0000
6161,13:48:11.711000,2375.0000,0.0000,19.6665,-41.0000,-5.3685,6544.0000,1500.0000
6169,13:48:11.721000,2976.0000,0.0000,19.6665,-31.0000,-6.0169,6567.0000,1500.0000
6177,13:48:11.731000,2324.0000,0.0000,19.6665,-29.0000,-6.5795,6550.0000,1500.0000
6185,13:48:11.741000,2996.0000,0.0000,19.6665,-34.0000,-6.2362,6563.0000,1500.0000
6193,13:48:11.751000,3023.0000,0.0000,19.6665,-58.0000,-5.9120,6614.0000,1500.0000
6201,13:48:11.761000,2851.0000,0.0000,19.6665,-41.0000,-5.6545,6564.0000,1500.0000
6209,13:48:11.771000,2394.0000,0.0000,19.6665,-17.0000,-6.1790,6577.0000,1500.0000
6217,13:48:11.781000,3156.0000,0.0000,19.6665,-24.0000,-6.1981,6562.0000,1500.0000
6225,13:48:11.791000,3250.0000,0.0000,15.7332,-58.0000,-5.5783,6561.0000,1500.0000
6233,13:48:11.801000,2621.0000,0.0000,19.6665,-48.0000,-5.4734,6596.0000,1500.0000
6241,13:48:11.811000,3078.0000,0.0000,19.6665,-20.0000,-5.6259,6612.0000,1500.0000
6249,13:48:11.821000,3117.0000,0.0000,19.6665,-29.0000,-6.5223,6588.0000,1500.0000
6257,13:48:11.831000,2828.0000,0.0000,19.6665,-22.0000,-6.4269,6570.0000,1500.0000
6265,13:48:11.841000,3156.0000,0.0000,19.6665,-24.0000,-6.0073,6589.0000,1500.0000
6273,13:48:11.851000,2937.0000,0.0000,19.6665,-22.0000,-5.8452,6581.0000,1500.0000
6281,13:48:11.861000,2410.0000,0.0000,23.5998,-39.0000,-5.9501,6600.0000,1500.0000
6289,13:48:11.871000,2988.0000,0.0000,19.6665,-29.0000,-6.0836,6613.0000,1500.0000
6297,13:48:11.881000,2640.0000,0.0000,19.6665,-39.0000,-5.6355,6610.0000,1500.0000
6305,13:48:11.891000,4062.0000,0.0000,19.6665,-31.0000,-5.3685,6608.0000,1500.0000
6313,13:48:11.901000,2929.0000,0.0000,19.6665,-48.0000,-5.5783,6605.0000,1500.0000
6321,13:48:11.911000,2972.0000,0.0000,19.6665,-51.0000,-6.0550,6601.0000,1500.0000
6329,13:48:11.921000,2550.0000,0.0000,19.6665,-27.0000,-6.4746,6604.0000,1500.0000
6337,13:48:11.931000,2929.0000,0.0000,19.6665,-22.0000,-6.3602,6579.0000,1500.0000
6345,13:48:11.941000,2894.0000,0.0000,19.6665,-48.0000,-5.9025,6624.0000,1500.0000
6353,13:48:11.951000,3140.0000,0.0000,15.7332,-31.0000,-5.7499,6601.0000,1500.0000
6361,13:48:11.961000,2507.0000,0.0000,19.6665,-22.0000,-6.2457,6616.0000,1500.0000
6369,13:48:11.971000,2898.0000,0.0000,19.6665,-41.0000,-6.0550,6612.0000,1500.0000
6377,13:48:11.981000,3054.0000,0.0000,19.6665,-39.0000,-5.5115,6594.0000,1500.0000
6385,13:48:11.991000,3546.0000,0.0000,19.6665,-34.0000,-5.9311,6551.0000,1500.0000
6393,13:48:12.001000,3218.0000,0.0000,19.6665,-17.0000,-6.1790,6610.0000,1500.0000
6401,13:48:12.011000,2230.0000,0.0000,19.6665,-5.0000,-6.7988,6608.0000,1500.0000
6409,13:48:12.021000,3578.0000,0.0000,19.6665,-34.0000,-6.1694,6627.0000,1500.0000
6417,13:48:12.031000,2933.0000,0.0000,19.6665,-17.0000,-5.4257,6614.0000,1500.0000
6425,13:48:12.041000,2390.0000,0.0000,15.7332,-48.0000,-5.6545,6612.0000,1500.0000
6433,13:48:12.051000,2941.0000,0.0000,15.7332,-51.0000,-6.0169,6686.0000,1500.0000
6441,13:48:12.061000,2929.0000,0.0000,23.5998,-31.0000,-5.9406,6612.0000,1500.0000
6449,13:48:12.071000,2988.0000,0.0000,19.6665,-39.0000,-5.9311,6637.0000,1500.0000
6457,13:48:12.081000,2609.0000,0.0000,19.6665,-36.0000,-5.7308,6619.0000,1500.0000
6465,13:48:12.091000,2566.0000,0.0000,19.6665,-39.0000,-5.9311,6624.0000,1500.0000
6473,13:48:12.101000,2457.0000,0.0000,19.6665,-22.0000,-6.5509,6652.0000,1500.0000
6481,13:48:12.111000,3128.0000,0.0000,19.6665,-43.0000,-6.2648,6625.0000,1500.0000
6489,13:48:12.121000,3195.0000,0.0000,19.6665,-43.0000,-6.1122,6659.0000,1500.0000
6497,13:48:12.131000,2660.0000,0.0000,23.5998,-43.0000,-5.7594,6623.0000,1500.0000
6505,13:48:12.141000,3175.0000,0.0000,19.6665,-34.0000,-6.1122,6637.0000,1500.0000
6513,13:48:12.151000,2777.0000,0.0000,19.6665,-39.0000,-6.4460,6636.0000,1500.0000
6521,13:48:12.161000,2695.0000,0.0000,19.6665,-22.0000,-5.9883,6632.0000,1500.0000
6529,13:48:12.171000,3171.0000,0.0000,23.5998,-43.0000,-5.6069,6636.0000,1500.0000
6537,13:48:12.181000,2347.0000,0.0000,19.6665,-36.0000,-5.7499,6639.0000,1500.0000
6545,13:48:12.191000,2902.0000,0.0000,19.6665,-43.0000,-6.5985,6650.0000,1500.0000
6553,13:48:12.201000,2582.0000,0.0000,19.6665,-51.0000,-6.5699,6648.0000,1500.0000
6561,13:48:12.211000,2425.0000,0.0000,19.6665,-24.0000,-6.4269,6647.0000,1500.0000
6569,13:48:12.221000,2980.0000,0.0000,23.5998,-36.0000,-5.9311,6645.0000,1500.0000
6577,13:48:12.231000,2574.0000,0.0000,19.6665,-29.0000,-6.0646,6674.0000,1500.0000
6585,13:48:12.241000,3156.0000,0.0000,19.6665,-29.0000,-6.3125,6624.0000,1500.0000
6593,13:48:12.251000,3050.0000,0.0000,19.6665,-34.0000,-5.8738,6691.0000,1500.0000
6601,13:48:12.261000,3281.0000,0.0000,19.6665,-39.0000,-5.6545,6689.0000,1500.0000
6609,13:48:12.271000,3109.0000,0.0000,19.6665,-27.0000,-5.9787,6658.0000,1500.0000
6617,13:48:12.281000,3000.0000,0.0000,23.5998,-31.0000,-6.3220,6682.0000,1500.0000
6625,13:48:12.291000,2933.0000,0.0000,23.5998,-27.0000,-6.4937,6662.0000,1500.0000
6633,13:48:12.301000,3535.0000,0.0000,19.6665,-22.0000,-6.1885,6712.0000,1500.0000
6641,13:48:12.311000,2535.0000,0.0000,19.6665,-46.0000,-5.6545,6686.0000,1500.0000
6649,13:48:12.321000,2593.0000,0.0000,19.6665,-22.0000,-5.9406,6690.0000,1500.0000
6657,13:48:12.331000,3285.0000,0.0000,19.6665,-24.0000,-6.1790,6687.0000,1500.0000
6665,13:48:12.341000,2742.0000,0.0000,19.6665,-22.0000,-5.8548,6666.0000,1500.0000
6673,13:48:12.351000,2914.0000,0.0000,19.6665,-39.0000,-5.4734,6710.0000,1500.0000
6681,13:48:12.361000,3128.0000,0.0000,19.6665,-41.0000,-5.4543,6686.0000,1500.0000
6689,13:48:12.371000,3292.0000,0.0000,23.5998,-34.0000,-6.0550,6715.0000,1500.0000
6697,13:48:12.381000,3101.0000,0.0000,19.6665,-31.0000,-6.5318,6679.0000,1500.0000
6705,13:48:12.391000,2503.0000,0.0000,23.5998,-24.0000,-6.4746,6710.0000,1500.0000
6713,13:48:12.401000,3597.0000,0.0000,19.6665,-29.0000,-5.8548,6683.0000,1500.0000
6721,13:48:12.411000,3214.0000,0.0000,19.6665,-31.0000,-5.7022,6709.0000,1500.0000
6729,13:48:12.421000,3363.0000,0.0000,19.6665,-27.0000,-6.0073,6694.0000,1500.0000
6737,13:48:12.431000,2671.0000,0.0000,19.6665,-48.0000,-6.1599,6681.0000,1500.0000
6745,13:48:12.441000,3074.0000,0.0000,19.6665,-20.0000,-5.6450,6698.0000,1500.0000
6753,13:48:12.451000,3015.0000,0.0000,19.6665,-36.0000,-5.6259,6695.0000,1500.0000
6761,13:48:12.461000,2917.0000,0.0000,19.6665,-24.0000,-5.9501,6694.0000,1500.0000
6769,13:48:12.471000,3304.0000,0.0000,19.6665,-12.0000,-6.5509,6695.0000,1500.0000
6777,13:48:12.481000,2832.0000,0.0000,19.6665,-22.0000,-6.4078,6667.0000,1500.0000
6785,13:48:12.491000,2878.0000,0.0000,23.5998,-20.0000,-5.9501,6702.0000,1500.0000
6793,13:48:12.501000,3652.0000,0.0000,19.6665,-22.0000,-5.8071,6693.0000,1500.0000
6801,13:48:12.511000,2847.0000,0.0000,19.6665,-24.0000,-6.2553,6700.0000,1500.0000
6809,13:48:12.521000,2832.0000,0.0000,19.6665,-34.0000,-6.0741,6694.0000,1500.0000
6817,13:48:12.531000,2562.0000,0.0000,19.6665,-34.0000,-5.5783,6731.0000,1500.0000
6825,13:48:12.541000,3023.0000,0.0000,19.6665,-34.0000,-5.7785,6671.0000,1500.0000
6833,13:48:12.551000,2925.0000,0.0000,15.7332,-41.0000,-5.8548,6716.0000,1500.0000
6841,13:48:12.561000,2851.0000,0.0000,23.5998,-27.0000,-6.6462,6700.0000,1500.0000
6849,13:48:12.571000,2648.0000,0.0000,19.6665,-24.0000,-6.4364,6704.0000,1500.0000
6857,13:48:12.581000,2789.0000,0.0000,19.6665,-20.0000,-6.2934,6704.0000,1500.0000
6865,13:48:12.591000,2785.0000,0.0000,19.6665,-22.0000,-5.7022,6714.0000,1500.0000
6873,13:48:12.601000,3195.0000,0.0000,19.6665,-17.0000,-5.9215,6710.0000,1500.0000
6881,13:48:12.611000,2851.0000,0.0000,15.7332,-41.0000,-6.2362,6717.0000,1500.0000
6889,13:48:12.621000,2527.0000,0.0000,19.6665,-20.0000,-5.7785,6732.0000,1500.0000
6897,13:48:12.631000,2597.0000,0.0000,19.6665,-29.0000,-5.3780,6720.0000,1500.0000
6905,13:48:12.641000,3046.0000,0.0000,23.5998,-41.0000,-5.4066,6726.0000,1500.0000
6913,13:48:12.651000,2105.0000,0.0000,19.6665,-34.0000,-6.1218,6734.0000,1500.0000
6921,13:48:12.661000,2847.0000,0.0000,19.6665,-20.0000,-6.4841,6740.0000,1500.0000
6929,13:48:12.671000,2738.0000,0.0000,23.5998,-29.0000,-6.0550,6712.0000,1500.0000
6937,13:48:12.681000,2058.0000,0.0000,19.6665,-43.0000,-5.7690,6753.0000,1500.0000
6945,13:48:12.691000,2742.0000,0.0000,15.7332,-31.0000,-5.5115,6720.0000,1500.0000
6953,13:48:12.701000,2468.0000,0.0000,19.6665,-34.0000,-5.8738,6728.0000,1500.0000
6961,13:48:12.711000,2253.0000,0.0000,19.6665,-39.0000,-5.9597,6718.0000,1500.0000
6969,13:48:12.721000,2640.0000,0.0000,19.6665,-15.0000,-5.3017,6721.0000,1500.0000
6977,13:48:12.731000,2351.0000,0.0000,19.6665,-43.0000,-5.3875,6763.0000,1500.0000
6985,13:48:12.741000,2679.0000,0.0000,19.6665,-20.0000,-5.9597,6725.0000,1500.0000
6993,13:48:12.751000,2542.0000,0.0000,23.5998,-41.0000,-6.5127,6740.0000,1500.0000
7001,13:48:12.761000,2593.0000,0.0000,19.6665,-31.0000,-6.5699,6740.0000,1500.0000
7009,13:48:12.771000,2511.0000,0.0000,19.6665,-43.0000,-6.2839,6757.0000,1500.0000
7017,13:48:12.781000,2761.0000,0.0000,19.6665,-43.0000,-5.9883,6740.0000,1500.0000
7025,13:48:12.791000,2687.0000,0.0000,19.6665,-34.0000,-6.2076,6721.0000,1500.0000
7033,13:48:12.801000,1980.0000,0.0000,19.6665,-24.0000,-6.3411,6736.0000,1500.0000
7041,13:48:12.811000,2742.0000,0.0000,19.6665,-39.0000,-5.8929,6738.0000,1500.0000
7049,13:48:12.821000,2800.0000,0.0000,19.6665,-53.0000,-5.7976,6739.0000,1500.0000
7057,13:48:12.831000,2734.0000,0.0000,19.6665,-29.0000,-5.9787,6747.0000,1500.0000
7065,13:48:12.841000,2535.0000,0.0000,19.6665,-48.0000,-6.6081,6770.0000,1500.0000
7073,13:48:12.851000,2621.0000,0.0000,19.6665,-24.0000,-6.3792,6776.0000,1500.0000
7081,13:48:12.861000,2828.0000,0.0000,19.6665,-8.0000,-6.2362,6746.0000,1500.0000
7089,13:48:12.871000,2804.0000,0.0000,19.6665,-17.0000,-5.8357,6767.0000,1500.0000
7097,13:48:12.881000,2750.0000,0.0000,19.6665,-27.0000,-6.0455,6746.0000,1500.0000
7105,13:48:12.891000,3242.0000,0.0000,19.6665,-31.0000,-6.0455,6753.0000,1500.0000
7113,13:48:12.901000,1703.0000,0.0000,23.5998,-46.0000,-5.9597,6749.0000,1500.0000
7121,13:48:12.911000,3386.0000,0.0000,23.5998,-43.0000,-5.7404,6754.0000,1500.0000
7129,13:48:12.921000,2738.0000,0.0000,19.6665,-51.0000,-5.9215,6783.0000,1500.0000
7137,13:48:12.931000,2746.0000,0.0000,19.6665,-43.0000,-6.4650,6746.0000,1500.0000
7145,13:48:12.941000,2164.0000,0.0000,19.6665,-29.0000,-6.4174,6757.0000,1500.0000
7153,13:48:12.951000,2042.0000,0.0000,19.6665,-34.0000,-6.0073,6748.0000,1500.0000
7161,13:48:12.961000,1996.0000,0.0000,19.6665,-36.0000,-5.8643,6725.0000,1500.0000
7169,13:48:12.971000,3242.0000,0.0000,19.6665,-39.0000,-5.9025,6741.0000,1500.0000
7177,13:48:12.981000,2832.0000,0.0000,19.6665,-17.0000,-6.1408,6781.0000,1500.0000
7185,13:48:12.991000,2593.0000,0.0000,23.5998,-29.0000,-5.6450,6759.0000,1500.0000
7193,13:48:13.001000,1773.0000,0.0000,19.6665,-39.0000,-5.3971,6777.0000,1500.0000
7201,13:48:13.011000,2406.0000,0.0000,19.6665,-46.0000,-5.4257,6756.0000,1500.0000
7209,13:48:13.021000,2636.0000,0.0000,19.6665,-29.0000,-6.0836,6753.0000,1500.0000
7217,13:48:13.031000,2882.0000,0.0000,19.6665,-27.0000,-6.7511,6762.0000,1500.0000
7225,13:48:13.041000,2324.0000,0.0000,19.6665,-27.0000,-6.1027,6789.0000,1500.0000
7233,13:48:13.051000,2816.0000,0.0000,19.6665,-41.0000,-5.9978,6755.0000,1500.0000
7241,13:48:13.061000,2640.0000,0.0000,23.5998,-60.0000,-6.0169,6745.0000,1500.0000
7249,13:48:13.071000,2777.0000,0.0000,19.6665,-29.0000,-6.2839,6760.0000,1500.0000
7257,13:48:13.081000,3277.0000,0.0000,19.6665,-36.0000,-5.8738,6759.0000,1500.0000
7265,13:48:13.091000,2421.0000,0.0000,19.6665,-31.0000,-5.5496,6603.0000,1500.0000
7273,13:48:13.101000,2597.0000,0.0000,19.6665,-43.0000,-5.4638,6795.0000,1500.0000
7281,13:48:13.111000,3046.0000,0.0000,15.7332,-34.0000,-6.1313,6746.0000,1500.0000
7289,13:48:13.121000,2906.0000,0.0000,19.6665,-27.0000,-6.6272,6792.0000,1500.0000
7297,13:48:13.131000,3410.0000,0.0000,19.6665,-39.0000,-6.1885,6777.0000,1500.0000
7305,13:48:13.141000,2648.0000,0.0000,23.5998,-36.0000,-5.8357,6784.0000,1500.0000
7313,13:48:13.151000,2718.0000,0.0000,19.6665,-22.0000,-5.8738,6760.0000,1500.0000
7321,13:48:13.161000,2578.0000,0.0000,19.6665,-22.0000,-6.1981,6756.0000,1500.0000
7329,13:48:13.171000,2515.0000,0.0000,15.7332,-31.0000,-5.9787,6760.0000,1500.0000
7337,13:48:13.181000,2683.0000,0.0000,23.5998,-20.0000,-5.5496,6795.0000,1500.0000
7345,13:48:13.191000,2457.0000,0.0000,19.6665,-55.0000,-5.5401,6759.0000,1500.0000
7353,13:48:13.201000,2167.0000,0.0000,15.7332,-41.0000,-5.9215,6797.0000,1500.0000
7361,13:48:13.211000,2867.0000,0.0000,19.6665,-31.0000,-6.5795,6772.0000,1500.0000
7369,13:48:13.221000,2066.0000,0.0000,19.6665,-29.0000,-6.2457,6779.0000,1500.0000
7377,13:48:13.231000,2097.0000,0.0000,23.5998,-36.0000,-5.8452,6774.0000,1500.0000
7385,13:48:13.241000,2882.0000,0.0000,19.6665,-34.0000,-5.6069,6771.0000,1500.0000
7393,13:48:13.251000,2859.0000,0.0000,23.5998,-31.0000,-5.7690,6770.0000,1500.0000
7401,13:48:13.261000,2820.0000,0.0000,19.6665,-22.0000,-6.2362,6758.0000,1500.0000
7409,13:48:13.271000,2351.0000,0.0000,19.6665,-39.0000,-5.5973,6779.0000,1500.0000
7417,13:48:13.281000,2207.0000,0.0000,19.6665,-48.0000,-5.4924,6746.0000,1500.0000
7425,13:48:13.291000,3113.0000,0.0000,19.6665,-22.0000,-5.6545,6779.0000,1500.0000
7433,13:48:13.301000,2843.0000,0.0000,19.6665,-58.0000,-6.1218,6792.0000,1500.0000
7441,13:48:13.311000,2828.0000,0.0000,19.6665,-51.0000,-6.4555,6776.0000,1500.0000
7449,13:48:13.321000,2816.0000,0.0000,19.6665,-46.0000,-6.2457,6793.0000,1500.0000
7457,13:48:13.331000,2179.0000,0.0000,19.6665,-31.0000,-5.7404,6780.0000,1500.0000
7465,13:48:13.341000,2816.0000,0.0000,19.6665,-29.0000,-5.9311,6823.0000,1500.0000
7473,13:48:13.351000,2863.0000,0.0000,19.6665,-34.0000,-6.0741,6777.0000,1500.0000
7481,13:48:13.361000,2378.0000,0.0000,19.6665,-46.0000,-5.9597,6795.0000,1500.0000
7489,13:48:13.371000,3078.0000,0.0000,19.6665,-22.0000,-5.8738,6797.0000,1500.0000
7497,13:48:13.381000,2910.0000,0.0000,19.6665,-46.0000,-5.7880,6811.0000,1500.0000
7505,13:48:13.391000,2910.0000,0.0000,19.6665,-36.0000,-6.2457,6783.0000,1500.0000
7513,13:48:13.401000,2761.0000,0.0000,19.6665,-34.0000,-6.5795,6797.0000,1500.0000
7521,13:48:13.411000,2507.0000,0.0000,19.6665,-41.0000,-6.0932,6778.0000,1500.0000
7529,13:48:13.421000,2570.0000,0.0000,19.6665,-34.0000,-5.8262,6778.0000,1500.0000
7537,13:48:13.431000,2953.0000,0.0000,19.6665,-43.0000,-5.8738,6814.0000,1500.0000
7545,13:48:13.441000,2968.0000,0.0000,19.6665,-39.0000,-6.3602,6808.0000,1500.0000
7553,13:48:13.451000,2734.0000,0.0000,15.7332,-31.0000,-5.9406,6796.0000,1500.0000
7561,13:48:13.461000,2832.0000,0.0000,19.6665,-31.0000,-5.4352,6791.0000,1500.0000
7569,13:48:13.471000,3132.0000,0.0000,19.6665,-31.0000,-5.4161,6814.0000,1500.0000
7577,13:48:13.481000,2539.0000,0.0000,19.6665,-39.0000,-6.0836,6833.0000,1500.0000
7585,13:48:13.491000,2960.0000,0.0000,19.6665,-17.0000,-6.2553,6794.0000,1500.0000
7593,13:48:13.501000,3710.0000,0.0000,19.6665,-20.0000,-6.1504,6801.0000,1500.0000
7601,13:48:13.511000,3750.0000,0.0000,19.6665,-39.0000,-5.6641,6798.0000,1500.0000
7609,13:48:13.521000,1835.0000,0.0000,19.6665,-55.0000,-5.7308,6794.0000,1500.0000
7617,13:48:13.531000,2316.0000,0.0000,19.6665,-29.0000,-6.0264,6815.0000,1500.0000
7625,13:48:13.541000,2730.0000,0.0000,19.6665,-36.0000,-6.2076,6795.0000,1500.0000
7633,13:48:13.551000,2941.0000,0.0000,19.6665,-53.0000,-5.7022,6811.0000,1500.0000
7641,13:48:13.561000,2710.0000,0.0000,15.7332,-39.0000,-5.4066,6832.0000,1500.0000
7649,13:48:13.571000,2734.0000,0.0000,19.6665,-36.0000,-5.2254,6798.0000,1500.0000
7657,13:48:13.581000,2816.0000,0.0000,23.5998,-36.0000,-6.0932,6762.0000,1500.0000
7665,13:48:13.591000,2855.0000,0.0000,19.6665,-5.0000,-6.4364,6797.0000,1500.0000
7673,13:48:13.601000,3070.0000,0.0000,19.6665,-22.0000,-5.9692,6810.0000,1500.0000
7681,13:48:13.611000,2843.0000,0.0000,19.6665,-22.0000,-5.8643,6803.0000,1500.0000
7689,13:48:13.621000,2878.0000,0.0000,19.6665,-36.0000,-5.9787,6838.0000,1500.0000
7697,13:48:13.631000,3101.0000,0.0000,23.5998,-31.0000,-6.5127,6813.0000,1500.0000
7705,13:48:13.641000,3503.0000,0.0000,19.6665,-41.0000,-5.9883,6803.0000,1500.0000
7713,13:48:13.651000,2628.0000,0.0000,19.6665,-41.0000,-5.6069,6826.0000,1500.0000
7721,13:48:13.661000,2613.0000,0.0000,19.6665,-58.0000,-5.6641,6805.0000,1500.0000
7729,13:48:13.671000,2707.0000,0.0000,15.7332,-36.0000,-6.5699,6821.0000,1500.0000
7737,13:48:13.681000,2906.0000,0.0000,19.6665,-41.0000,-6.9418,6826.0000,1500.0000
7745,13:48:13.691000,2722.0000,0.0000,19.6665,-39.0000,-6.4174,6816.0000,1500.0000
7753,13:48:13.701000,2878.0000,0.0000,19.6665,-20.0000,-6.2076,6830.0000,1500.0000
7761,13:48:13.711000,3078.0000,0.0000,19.6665,-10.0000,-6.1027,6817.0000,1500.0000
7769,13:48:13.721000,2847.0000,0.0000,19.6665,-22.0000,-6.2457,6823.0000,1500.0000
7777,13:48:13.731000,2855.0000,0.0000,19.6665,-39.0000,-5.8643,6851.0000,1500.0000
7785,13:48:13.741000,2828.0000,0.0000,19.6665,-46.0000,-5.8262,6825.0000,1500.0000
7793,13:48:13.751000,2640.0000,0.0000,19.6665,-24.0000,-5.8834,6841.0000,1500.0000
7801,13:48:13.761000,2804.0000,0.0000,23.5998,-15.0000,-6.4650,6843.0000,1500.0000
7809,13:48:13.771000,2464.0000,0.0000,19.6665,-29.0000,-6.7702,6843.0000,1500.0000
7817,13:48:13.781000,2648.0000,0.0000,19.6665,-31.0000,-6.2934,6830.0000,1500.0000
7825,13:48:13.791000,2937.0000,0.0000,19.6665,-53.0000,-5.9311,6823.0000,1500.0000
7833,13:48:13.801000,3207.0000,0.0000,23.5998,-34.0000,-5.8834,6848.0000,1500.0000
7841,13:48:13.811000,3703.0000,0.0000,19.6665,-29.0000,-6.2457,6833.0000,1500.0000
7849,13:48:13.821000,3109.0000,0.0000,19.6665,-53.0000,-5.9978,6826.0000,1500.0000
7857,13:48:13.831000,2578.0000,0.0000,19.6665,-22.0000,-5.4734,6849.0000,1500.0000
7865,13:48:13.841000,2890.0000,0.0000,19.6665,-31.0000,-5.5210,6825.0000,1500.0000
7873,13:48:13.851000,2984.0000,0.0000,19.6665,-72.0000,-6.2934,6833.0000,1500.0000
7881,13:48:13.861000,2542.0000,0.0000,19.6665,-46.0000,-6.6367,6861.0000,1500.0000
7889,13:48:13.871000,3730.0000,0.0000,23.5998,-43.0000,-6.2267,6847.0000,1500.0000
7897,13:48:13.881000,3191.0000,0.0000,19.6665,-24.0000,-5.8834,6834.0000,1500.0000
7905,13:48:13.891000,3183.0000,0.0000,19.6665,-34.0000,-5.7213,6865.0000,1500.0000
7913,13:48:13.901000,2996.0000,0.0000,19.6665,-43.0000,-6.1981,6839.0000,1500.0000
7921,13:48:13.911000,2550.0000,0.0000,19.6665,-31.0000,-6.0741,6822.0000,1500.0000
7929,13:48:13.921000,2292.0000,0.0000,19.6665,-41.0000,-5.8357,6848.0000,1500.0000
7937,13:48:13.931000,3003.0000,0.0000,19.6665,-41.0000,-5.7499,6846.0000,1500.0000
7945,13:48:13.941000,3230.0000,0.0000,23.5998,-36.0000,-6.0455,6853.0000,1500.0000
7953,13:48:13.951000,2898.0000,0.0000,23.5998,-20.0000,-6.7130,6858.0000,1500.0000
7961,13:48:13.961000,2472.0000,0.0000,19.6665,-34.0000,-6.4650,6830.0000,1500.0000
7969,13:48:13.971000,3136.0000,0.0000,19.6665,-22.0000,-5.8548,6844.0000,1500.0000
7977,13:48:13.981000,2871.0000,0.0000,23.5998,-34.0000,-5.5783,6855.0000,1500.0000
7985,13:48:13.991000,3617.0000,0.0000,19.6665,-48.0000,-5.9692,6837.0000,1500.0000
7993,13:48:14.001000,3277.0000,0.0000,19.6665,-12.0000,-6.2553,6846.0000,1500.0000
8001,13:48:14.011000,1949.0000,0.0000,19.6665,-39.0000,-5.7404,6832.0000,1500.0000
8009,13:48:14.021000,3152.0000,0.0000,19.6665,-43.0000,-5.6641,6846.0000,1500.0000
8017,13:48:14.031000,3039.0000,0.0000,19.6665,-17.0000,-5.6927,6852.0000,1500.0000
8025,13:48:14.041000,4101.0000,0.0000,19.6665,-31.0000,-6.3506,6838.0000,1500.0000
8033,13:48:14.051000,3281.0000,0.0000,19.6665,-27.0000,-6.4650,6851.0000,1500.0000
8041,13:48:14.061000,3292.0000,0.0000,19.6665,-24.0000,-5.9692,6871.0000,1500.0000
8049,13:48:14.071000,2664.0000,0.0000,19.6665,-39.0000,-5.8262,6845.0000,1500.0000
8057,13:48:14.081000,2812.0000,0.0000,19.6665,-17.0000,-5.6069,6861.0000,1500.0000
8065,13:48:14.091000,3394.0000,0.0000,15.7332,-10.0000,-6.1694,6863.0000,1500.0000
8073,13:48:14.101000,3667.0000,0.0000,19.6665,-34.0000,-5.8643,6886.0000,1500.0000
8081,13:48:14.111000,2679.0000,0.0000,19.6665,-34.0000,-5.5115,6862.0000,1500.0000
8089,13:48:14.121000,2558.0000,0.0000,23.5998,-27.0000,-5.3971,6860.0000,1500.0000
8097,13:48:14.131000,2875.0000,0.0000,19.6665,-15.0000,-6.1408,6874.0000,1500.0000
8105,13:48:14.141000,3160.0000,0.0000,19.6665,-31.0000,-6.7034,6895.0000,1500.0000
8113,13:48:14.151000,3183.0000,0.0000,19.6665,-39.0000,-6.4841,6881.0000,1500.0000
8121,13:48:14.161000,3250.0000,0.0000,19.6665,-53.0000,-5.7880,6888.0000,1500.0000
8129,13:48:14.171000,2796.0000,0.0000,19.6665,-36.0000,-5.8262,6887.0000,1500.0000
8137,13:48:14.181000,3648.0000,0.0000,19.6665,-20.0000,-6.1313,6872.0000,1500.0000
8145,13:48:14.191000,3277.0000,0.0000,19.6665,-48.0000,-5.9215,6858.0000,1500.0000
8153,13:48:14.201000,3253.0000,0.0000,19.6665,-36.0000,-5.6259,6889.0000,1500.0000
8161,13:48:14.211000,2300.0000,0.0000,19.6665,-48.0000,-5.5592,6873.0000,1500.0000
8169,13:48:14.221000,3261.0000,0.0000,19.6665,-22.0000,-6.1790,6863.0000,1500.0000
8177,13:48:14.231000,2527.0000,0.0000,19.6665,-24.0000,-6.6844,6880.0000,1500.0000
8185,13:48:14.241000,3257.0000,0.0000,23.5998,-10.0000,-6.4364,6869.0000,1500.0000
8193,13:48:14.251000,3675.0000,0.0000,19.6665,-17.0000,-6.1504,6885.0000,1500.0000
8201,13:48:14.261000,3230.0000,0.0000,19.6665,-41.0000,-5.8548,6879.0000,1500.0000
8209,13:48:14.271000,2500.0000,0.0000,19.6665,-39.0000,-5.9406,6879.0000,1500.0000
8217,13:48:14.281000,3285.0000,0.0000,19.6665,-24.0000,-6.0932,6906.0000,1500.0000
8225,13:48:14.291000,3414.0000,0.0000,19.6665,-48.0000,-5.7308,6871.0000,1500.0000
8233,13:48:14.301000,3769.0000,0.0000,19.6665,-53.0000,-5.2922,6888.0000,1500.0000
8241,13:48:14.311000,2835.0000,0.0000,19.6665,-36.0000,-5.8452,6900.0000,1500.0000
8249,13:48:14.321000,3312.0000,0.0000,23.5998,-20.0000,-6.5223,6850.0000,1500.0000
8257,13:48:14.331000,2945.0000,0.0000,19.6665,-31.0000,-6.2648,6912.0000,1500.0000
8265,13:48:14.341000,3332.0000,0.0000,19.6665,-22.0000,-5.9883,6898.0000,1500.0000
8273,13:48:14.351000,3335.0000,0.0000,19.6665,-34.0000,-5.5496,6891.0000,1500.0000
8281,13:48:14.361000,3648.0000,0.0000,23.5998,-24.0000,-6.0073,6883.0000,1500.0000
8289,13:48:14.371000,3542.0000,0.0000,19.6665,-27.0000,-6.1885,6873.0000,1500.0000
8297,13:48:14.381000,3457.0000,0.0000,19.6665,-41.0000,-5.7308,6925.0000,1500.0000
8305,13:48:14.391000,3476.0000,0.0000,19.6665,-39.0000,-5.6259,6874.0000,1500.0000
8313,13:48:14.401000,3394.0000,0.0000,19.6665,-55.0000,-5.6545,6903.0000,1500.0000
8321,13:48:14.411000,2785.0000,0.0000,23.5998,-31.0000,-6.1504,6887.0000,1500.0000
8329,13:48:14.421000,4039.0000,0.0000,19.6665,-39.0000,-6.5509,6897.0000,1500.0000
8337,13:48:14.431000,3335.0000,0.0000,19.6665,-41.0000,-6.4174,6888.0000,1500.0000
8345,13:48:14.441000,3015.0000,0.0000,19.6665,-41.0000,-5.6927,6925.0000,1500.0000
8353,13:48:14.451000,3417.0000,0.0000,19.6665,-41.0000,-5.8738,6937.0000,1500.0000
8361,13:48:14.461000,3382.0000,0.0000,19.6665,-34.0000,-6.3316,6904.0000,1500.0000
8369,13:48:14.471000,3128.0000,0.0000,19.6665,-43.0000,-5.8071,6890.0000,1500.0000
8377,13:48:14.481000,4246.0000,0.0000,19.6665,-43.0000,-5.5878,6890.0000,1500.0000
8385,13:48:14.491000,3253.0000,0.0000,19.6665,-46.0000,-5.4352,6917.0000,1500.0000
8393,13:48:14.501000,3097.0000,0.0000,19.6665,-41.0000,-5.8071,6914.0000,1500.0000
8401,13:48:14.511000,2808.0000,0.0000,15.7332,-43.0000,-6.4841,6920.0000,1500.0000
8409,13:48:14.521000,3421.0000,0.0000,19.6665,-41.0000,-6.3506,6908.0000,1500.0000
8417,13:48:14.531000,3476.0000,0.0000,19.6665,-29.0000,-5.9692,6906.0000,1500.0000
8425,13:48:14.541000,3488.0000,0.0000,19.6665,-43.0000,-5.8452,6903.0000,1500.0000
8433,13:48:14.551000,3429.0000,0.0000,19.6665,-39.0000,-6.2076,6928.0000,1500.0000
8441,13:48:14.561000,2789.0000,0.0000,19.6665,-27.0000,-6.2743,6906.0000,1500.0000
8449,13:48:14.571000,3121.0000,0.0000,19.6665,-39.0000,-5.7594,6917.0000,1500.0000
8457,13:48:14.581000,3449.0000,0.0000,23.5998,-43.0000,-5.3780,6920.0000,1500.0000
8465,13:48:14.591000,3578.0000,0.0000,19.6665,-51.0000,-5.8166,6918.0000,1500.0000
8473,13:48:14.601000,2832.0000,0.0000,19.6665,-34.0000,-6.5699,6944.0000,1500.0000
8481,13:48:14.611000,3414.0000,0.0000,15.7332,-31.0000,-6.4746,6938.0000,1500.0000
8489,13:48:14.621000,2789.0000,0.0000,19.6665,-31.0000,-6.1218,6935.0000,1500.0000
8497,13:48:14.631000,3089.0000,0.0000,19.6665,-39.0000,-5.7976,6948.0000,1500.0000
8505,13:48:14.641000,3539.0000,0.0000,19.6665,-43.0000,-6.0741,6955.0000,1500.0000
8513,13:48:14.651000,3398.0000,0.0000,23.5998,-43.0000,-6.1218,6989.0000,1500.0000
8521,13:48:14.661000,2757.0000,0.0000,19.6665,-39.0000,-5.8738,6982.0000,1500.0000
8529,13:48:14.671000,3207.0000,0.0000,19.6665,-41.0000,-5.5687,6951.0000,1500.0000
8537,13:48:14.681000,3285.0000,0.0000,19.6665,-67.0000,-5.7308,6993.0000,1500.0000
8545,13:48:14.691000,3117.0000,0.0000,19.6665,-41.0000,-6.5699,6975.0000,1500.0000
8553,13:48:14.701000,3140.0000,0.0000,19.6665,-41.0000,-6.6748,6996.0000,1500.0000
8561,13:48:14.711000,3359.0000,0.0000,19.6665,-46.0000,-6.1218,6983.0000,1500.0000
8569,13:48:14.721000,2726.0000,0.0000,19.6665,-43.0000,-5.9597,6966.0000,1500.0000
8577,13:48:14.731000,3371.0000,0.0000,19.6665,-29.0000,-6.0646,7005.0000,1500.0000
8585,13:48:14.741000,3117.0000,0.0000,19.6665,-34.0000,-6.3220,6956.0000,1500.0000
8593,13:48:14.751000,2824.0000,0.0000,23.5998,-31.0000,-5.9883,6989.0000,1500.0000
8601,13:48:14.761000,2535.0000,0.0000,19.6665,-43.0000,-5.4924,7005.0000,1500.0000
8609,13:48:14.771000,3140.0000,0.0000,19.6665,-41.0000,-5.6164,6972.0000,1500.0000
8617,13:48:14.781000,2105.0000,0.0000,19.6665,-34.0000,-6.3983,6980.0000,1500.0000
8625,13:48:14.791000,2359.0000,0.0000,19.6665,-5.0000,-6.6367,6974.0000,1500.0000
8633,13:48:14.801000,3019.0000,0.0000,19.6665,-36.0000,-6.1408,6998.0000,1500.0000
8641,13:48:14.811000,3066.0000,0.0000,19.6665,-36.0000,-5.8548,6977.0000,1500.0000
8649,13:48:14.821000,2492.0000,0.0000,19.6665,-27.0000,-6.0073,7012.0000,1500.0000
8657,13:48:14.831000,3097.0000,0.0000,19.6665,-12.0000,-6.1599,7017.0000,1500.0000
8665,13:48:14.841000,3027.0000,0.0000,15.7332,-27.0000,-5.9120,6980.0000,1500.0000
8673,13:48:14.851000,2312.0000,0.0000,19.6665,-55.0000,-5.5401,7001.0000,1500.0000
8681,13:48:14.861000,2285.0000,0.0000,19.6665,-36.0000,-5.5210,7021.0000,1500.0000
8689,13:48:14.871000,2875.0000,0.0000,19.6665,-17.0000,-6.1504,6967.0000,1500.0000
8697,13:48:14.881000,2660.0000,0.0000,19.6665,-34.0000,-6.4269,7027.0000,1500.0000
8705,13:48:14.891000,2968.0000,0.0000,19.6665,-29.0000,-6.1408,7014.0000,1500.0000
8713,13:48:14.901000,3085.0000,0.0000,19.6665,-29.0000,-5.8929,7046.0000,1500.0000
8721,13:48:14.911000,2589.0000,0.0000,19.6665,-27.0000,-5.8357,7014.0000,1500.0000
8729,13:48:14.921000,2019.0000,0.0000,19.6665,-24.0000,-5.9120,7040.0000,1500.0000
8737,13:48:14.931000,3070.0000,0.0000,23.5998,-46.0000,-6.0360,7047.0000,1500.0000
8745,13:48:14.941000,3371.0000,0.0000,19.6665,-65.0000,-5.6927,7036.0000,1500.0000
8753,13:48:14.951000,3062.0000,0.0000,19.6665,-27.0000,-5.5401,7056.0000,1500.0000
8761,13:48:14.961000,3070.0000,0.0000,19.6665,-39.0000,-6.0741,7018.0000,1500.0000
8769,13:48:14.971000,2531.0000,0.0000,19.6665,14.0000,-6.3983,7029.0000,1500.0000
8777,13:48:14.981000,2882.0000,0.0000,19.6665,-34.0000,-6.3602,7050.0000,1500.0000
8785,13:48:14.991000,2992.0000,0.0000,19.6665,-22.0000,-6.0646,7042.0000,1500.0000
8793,13:48:15.001000,2945.0000,0.0000,19.6665,-36.0000,-5.7976,7035.0000,1500.0000
8801,13:48:15.011000,2593.0000,0.0000,19.6665,-22.0000,-6.1694,7066.0000,1500.0000
8809,13:48:15.021000,2386.0000,0.0000,19.6665,-31.0000,-6.2648,7031.0000,1500.0000
8817,13:48:15.031000,3078.0000,0.0000,19.6665,-31.0000,-5.7976,7060.0000,1500.0000
8825,13:48:15.041000,2976.0000,0.0000,19.6665,-41.0000,-5.6450,7026.0000,1500.0000
8833,13:48:15.051000,2160.0000,0.0000,19.6665,-39.0000,-6.0073,7067.0000,1500.0000
8841,13:48:15.061000,2484.0000,0.0000,19.6665,-36.0000,-6.7034,7048.0000,1500.0000
8849,13:48:15.071000,2656.0000,0.0000,19.6665,-55.0000,-6.4937,7066.0000,1500.0000
8857,13:48:15.081000,2312.0000,0.0000,19.6665,-36.0000,-6.0360,7041.0000,1500.0000
8865,13:48:15.091000,3375.0000,0.0000,19.6665,-36.0000,-5.5687,7039.0000,1500.0000
8873,13:48:15.101000,2640.0000,0.0000,19.6665,-22.0000,-6.0455,7058.0000,1500.0000
8881,13:48:15.111000,2843.0000,0.0000,19.6665,-24.0000,-6.1218,6983.0000,1500.0000
8889,13:48:15.121000,2878.0000,0.0000,19.6665,-62.0000,-5.4924,7063.0000,1500.0000
8897,13:48:15.131000,2882.0000,0.0000,19.6665,-43.0000,-5.2922,7052.0000,1500.0000
8905,13:48:15.141000,3050.0000,0.0000,19.6665,-48.0000,-5.4352,7049.0000,1500.0000
8913,13:48:15.151000,3144.0000,0.0000,19.6665,-48.0000,-6.0073,7060.0000,1500.0000
8921,13:48:15.161000,2871.0000,0.0000,19.6665,-20.0000,-6.4746,7077.0000,1500.0000
8929,13:48:15.171000,2898.0000,0.0000,19.6665,-20.0000,-6.0264,7061.0000,1500.0000
8937,13:48:15.181000,3000.0000,0.0000,19.6665,-31.0000,-5.6927,7121.0000,1500.0000
8945,13:48:15.191000,2621.0000,0.0000,19.6665,-36.0000,-5.7213,7060.0000,1500.0000
8953,13:48:15.201000,3050.0000,0.0000,19.6665,-31.0000,-6.0550,7075.0000,1500.0000
8961,13:48:15.211000,2285.0000,0.0000,23.5998,-46.0000,-6.0455,7071.0000,1500.0000
8969,13:48:15.221000,3148.0000,0.0000,19.6665,-41.0000,-5.6831,7070.0000,1500.0000
8977,13:48:15.231000,2957.0000,0.0000,19.6665,-41.0000,-5.6069,7061.0000,1500.0000
8985,13:48:15.241000,3320.0000,0.0000,19.6665,-53.0000,-5.8929,7077.0000,1500.0000
8993,13:48:15.251000,2414.0000,0.0000,19.6665,-46.0000,-6.4746,7088.0000,1500.0000
9001,13:48:15.261000,3136.0000,0.0000,19.6665,-36.0000,-6.5604,7074.0000,1500.0000
9009,13:48:15.271000,2460.0000,0.0000,23.5998,-36.0000,-5.9406,7083.0000,1500.0000
9017,13:48:15.281000,3863.0000,0.0000,19.6665,-43.0000,-5.9025,7104.0000,1500.0000
9025,13:48:15.291000,2679.0000,0.0000,19.6665,-48.0000,-6.1027,7077.0000,1500.0000
9033,13:48:15.301000,2792.0000,0.0000,19.6665,-48.0000,-6.2553,7089.0000,1500.0000
9041,13:48:15.311000,2414.0000,0.0000,23.5998,-46.0000,-6.0550,7117.0000,1500.0000
9049,13:48:15.321000,2511.0000,0.0000,19.6665,-29.0000,-5.8643,7088.0000,1500.0000
9057,13:48:15.331000,2812.0000,0.0000,19.6665,-39.0000,-6.0264,7081.0000,1500.0000
9065,13:48:15.341000,2238.0000,0.0000,19.6665,-29.0000,-6.5413,7081.0000,1500.0000
9073,13:48:15.351000,2804.0000,0.0000,19.6665,-22.0000,-6.4460,7099.0000,1500.0000
9081,13:48:15.361000,2890.0000,0.0000,19.6665,-8.0000,-6.0550,7074.0000,1500.0000
9089,13:48:15.371000,2277.0000,0.0000,23.5998,-46.0000,-5.7499,7092.0000,1500.0000
9097,13:48:15.381000,3679.0000,0.0000,23.5998,-24.0000,-6.4269,7089.0000,1500.0000
9105,13:48:15.391000,2855.0000,0.0000,19.6665,-41.0000,-6.4555,7110.0000,1500.0000
9113,13:48:15.401000,2703.0000,0.0000,15.7332,-46.0000,-5.5878,7117.0000,1500.0000
9121,13:48:15.411000,2757.0000,0.0000,23.5998,-22.0000,-5.5020,7115.0000,1500.0000
9129,13:48:15.421000,2160.0000,0.0000,19.6665,-41.0000,-5.5878,7072.0000,1500.0000
9137,13:48:15.431000,3078.0000,0.0000,19.6665,-29.0000,-6.1981,7109.0000,1500.0000
9145,13:48:15.441000,3496.0000,0.0000,19.6665,-20.0000,-6.3029,7081.0000,1500.0000
9153,13:48:15.451000,3046.0000,0.0000,23.5998,-36.0000,-5.9406,7103.0000,1500.0000
9161,13:48:15.461000,2933.0000,0.0000,19.6665,-41.0000,-5.7976,7129.0000,1500.0000
9169,13:48:15.471000,2355.0000,0.0000,15.7332,-34.0000,-6.0646,7092.0000,1500.0000
9177,13:48:15.481000,2937.0000,0.0000,19.6665,-39.0000,-6.0455,7129.0000,1500.0000
9185,13:48:15.491000,2398.0000,0.0000,19.6665,-46.0000,-5.9787,7097.0000,1500.0000
9193,13:48:15.501000,2945.0000,0.0000,15.7332,-43.0000,-5.5592,7108.0000,1500.0000
9201,13:48:15.511000,3695.0000,0.0000,19.6665,-41.0000,-5.5687,7111.0000,1500.0000
9209,13:48:15.521000,1800.0000,0.0000,19.6665,-36.0000,-6.3411,7124.0000,1500.0000
9217,13:48:15.531000,2796.0000,0.0000,19.6665,-43.0000,-6.7320,7109.0000,1500.0000
9225,13:48:15.541000,3410.0000,0.0000,19.6665,-43.0000,-6.2076,7122.0000,1500.0000
9233,13:48:15.551000,2902.0000,0.0000,19.6665,-20.0000,-5.9597,7112.0000,1500.0000
9241,13:48:15.561000,2839.0000,0.0000,19.6665,-46.0000,-5.8262,7149.0000,1500.0000
9249,13:48:15.571000,3574.0000,0.0000,19.6665,-20.0000,-6.0360,7108.0000,1500.0000
9257,13:48:15.581000,2468.0000,0.0000,19.6665,-36.0000,-5.9025,7112.0000,1500.0000
9265,13:48:15.591000,3285.0000,0.0000,19.6665,-34.0000,-5.7594,7094.0000,1500.0000
9273,13:48:15.601000,2847.0000,0.0000,23.5998,-20.0000,-5.8071,7135.0000,1500.0000
9281,13:48:15.611000,3312.0000,0.0000,19.6665,-34.0000,-6.4555,7120.0000,1500.0000
9289,13:48:15.621000,2152.0000,0.0000,23.5998,-17.0000,-6.6081,7121.0000,1500.0000
9297,13:48:15.631000,3035.0000,0.0000,19.6665,-41.0000,-6.1790,7127.0000,1500.0000
9305,13:48:15.641000,2953.0000,0.0000,19.6665,-34.0000,-5.7022,7140.0000,1500.0000
9313,13:48:15.651000,2550.0000,0.0000,23.5998,-43.0000,-5.7880,7165.0000,1500.0000
9321,13:48:15.661000,2902.0000,0.0000,23.5998,-46.0000,-5.9978,7129.0000,1500.0000
9329,13:48:15.671000,2886.0000,0.0000,19.6665,-48.0000,-5.8643,7164.0000,1500.0000
9337,13:48:15.681000,1859.0000,0.0000,19.6665,-34.0000,-5.6545,7133.0000,1500.0000
9345,13:48:15.691000,2925.0000,0.0000,19.6665,-24.0000,-5.5973,7118.0000,1500.0000
9353,13:48:15.701000,2949.0000,0.0000,19.6665,-46.0000,-5.9692,7174.0000,1500.0000
9361,13:48:15.711000,2472.0000,0.0000,15.7332,-41.0000,-6.5032,7139.0000,1500.0000
9369,13:48:15.721000,2152.0000,0.0000,19.6665,-31.0000,-6.1218,7168.0000,1500.0000
9377,13:48:15.731000,2644.0000,0.0000,19.6665,-43.0000,-5.7404,7179.0000,1500.0000
9385,13:48:15.741000,2468.0000,0.0000,19.6665,-43.0000,-5.4734,7130.0000,1500.0000
9393,13:48:15.751000,2867.0000,0.0000,19.6665,-34.0000,-5.7880,7159.0000,1500.0000
9401,13:48:15.761000,2386.0000,0.0000,19.6665,-41.0000,-6.1027,7151.0000,1500.0000
9409,13:48:15.771000,2355.0000,0.0000,19.6665,-55.0000,-5.7690,7147.0000,1500.0000
9417,13:48:15.781000,2441.0000,0.0000,23.5998,-39.0000,-5.6641,7147.0000,1500.0000
9425,13:48:15.791000,2914.0000,0.0000,19.6665,-46.0000,-5.7213,7140.0000,1500.0000
9433,13:48:15.801000,3089.0000,0.0000,23.5998,-17.0000,-6.3697,7191.0000,1500.0000
9441,13:48:15.811000,3140.0000,0.0000,15.7332,-15.0000,-6.4364,7153.0000,1500.0000
9449,13:48:15.821000,2609.0000,0.0000,23.5998,-55.0000,-6.1981,7150.0000,1500.0000
9457,13:48:15.831000,3078.0000,0.0000,19.6665,-39.0000,-5.8452,7173.0000,1500.0000
9465,13:48:15.841000,3105.0000,0.0000,19.6665,-34.0000,-6.1504,7149.0000,1500.0000
9473,13:48:15.851000,2800.0000,0.0000,19.6665,-39.0000,-6.3506,7159.0000,1500.0000
9481,13:48:15.861000,2804.0000,0.0000,19.6665,-27.0000,-5.7976,7163.0000,1500.0000
9489,13:48:15.871000,2960.0000,0.0000,19.6665,-43.0000,-5.5306,7187.0000,1500.0000
9497,13:48:15.881000,2843.0000,0.0000,19.6665,-46.0000,-5.5401,7148.0000,1500.0000
9505,13:48:15.891000,2347.0000,0.0000,23.5998,-51.0000,-6.1599,7168.0000,1500.0000
9513,13:48:15.901000,2992.0000,0.0000,19.6665,-41.0000,-6.6844,7178.0000,1500.0000
9521,13:48:15.911000,3121.0000,0.0000,19.6665,-55.0000,-6.3411,7145.0000,1500.0000
9529,13:48:15.921000,3433.0000,0.0000,19.6665,-29.0000,-6.0264,7166.0000,1500.0000
9537,13:48:15.931000,2812.0000,0.0000,19.6665,-17.0000,-5.8452,7190.0000,1500.0000
9545,13:48:15.941000,3589.0000,0.0000,23.5998,-17.0000,-6.1885,7203.0000,1500.0000
9553,13:48:15.951000,3089.0000,0.0000,19.6665,-31.0000,-5.9597,7185.0000,1500.0000
9561,13:48:15.961000,2441.0000,0.0000,23.5998,-31.0000,-5.2731,7174.0000,1500.0000
9569,13:48:15.971000,3027.0000,0.0000,23.5998,-55.0000,-5.4066,7210.0000,1500.0000
9577,13:48:15.981000,2589.0000,0.0000,19.6665,-31.0000,-5.9120,7175.0000,1500.0000
9585,13:48:15.991000,2449.0000,0.0000,23.5998,-36.0000,-6.4841,7219.0000,1500.0000
9593,13:48:16.001000,2703.0000,0.0000,19.6665,-39.0000,-6.3316,7197.0000,1500.0000
9601,13:48:16.011000,3207.0000,0.0000,19.6665,-34.0000,-6.0264,7178.0000,1500.0000
9609,13:48:16.021000,3136.0000,0.0000,19.6665,-41.0000,-5.6736,7181.0000,1500.0000
9617,13:48:16.031000,2269.0000,0.0000,19.6665,-24.0000,-5.7690,7212.0000,1500.0000
9625,13:48:16.041000,2550.0000,0.0000,19.6665,-53.0000,-5.8071,7196.0000,1500.0000
9633,13:48:16.051000,2890.0000,0.0000,23.5998,-46.0000,-5.4448,7183.0000,1500.0000
9641,13:48:16.061000,2437.0000,0.0000,19.6665,-43.0000,-5.2350,7207.0000,1500.0000
9649,13:48:16.071000,2773.0000,0.0000,19.6665,-43.0000,-5.5020,7205.0000,1500.0000
9657,13:48:16.081000,2894.0000,0.0000,19.6665,-60.0000,-6.4269,7201.0000,1500.0000
9665,13:48:16.091000,2476.0000,0.0000,19.6665,-62.0000,-6.6367,7223.0000,1500.0000
9673,13:48:16.101000,2886.0000,0.0000,19.6665,-15.0000,-5.9692,7194.0000,1500.0000
9681,13:48:16.111000,3437.0000,0.0000,19.6665,-58.0000,-5.7213,7198.0000,1500.0000
9689,13:48:16.121000,3484.0000,0.0000,19.6665,-62.0000,-5.6545,7201.0000,1500.0000
9697,13:48:16.131000,2917.0000,0.0000,19.6665,-39.0000,-6.0550,7206.0000,1500.0000
9705,13:48:16.141000,2253.0000,0.0000,19.6665,-36.0000,-6.1122,7209.0000,1500.0000
9713,13:48:16.151000,2460.0000,0.0000,19.6665,-43.0000,-5.8929,7223.0000,1500.0000
9721,13:48:16.161000,2703.0000,0.0000,19.6665,-41.0000,-5.6641,7217.0000,1500.0000
9729,13:48:16.171000,2382.0000,0.0000,19.6665,-34.0000,-6.3125,7221.0000,1500.0000
9737,13:48:16.181000,2781.0000,0.0000,19.6665,-36.0000,-6.7034,7221.0000,1500.0000
9745,13:48:16.191000,2812.0000,0.0000,23.5998,-51.0000,-6.1885,7232.0000,1500.0000
9753,13:48:16.201000,2183.0000,0.0000,19.6665,-31.0000,-5.7499,7227.0000,1500.0000
9761,13:48:16.211000,2500.0000,0.0000,19.6665,-55.0000,-6.1122,7243.0000,1500.0000
9769,13:48:16.221000,3734.0000,0.0000,19.6665,-15.0000,-6.4650,7274.0000,1500.0000
9777,13:48:16.231000,2332.0000,0.0000,19.6665,-36.0000,-6.0360,7222.0000,1500.0000
9785,13:48:16.241000,2519.0000,0.0000,19.6665,-27.0000,-5.9883,7224.0000,1500.0000
9793,13:48:16.251000,2871.0000,0.0000,19.6665,-53.0000,-5.7976,7219.0000,1500.0000
9801,13:48:16.261000,2664.0000,0.0000,19.6665,-34.0000,-6.2076,7228.0000,1500.0000
9809,13:48:16.271000,2699.0000,0.0000,19.6665,-36.0000,-6.2743,7221.0000,1500.0000
9817,13:48:16.281000,2578.0000,0.0000,19.6665,-24.0000,-6.0932,7270.0000,1500.0000
9825,13:48:16.291000,2886.0000,0.0000,19.6665,-17.0000,-5.8548,7230.0000,1500.0000
9833,13:48:16.301000,2703.0000,0.0000,19.6665,-31.0000,-5.7213,7228.0000,1500.0000
9841,13:48:16.311000,2046.0000,0.0000,19.6665,-12.0000,-6.2553,7237.0000,1500.0000
9849,13:48:16.321000,2664.0000,0.0000,19.6665,-46.0000,-5.9978,7241.0000,1500.0000
9857,13:48:16.331000,2597.0000,0.0000,19.6665,-34.0000,-5.6736,7250.0000,1500.0000
9865,13:48:16.341000,2667.0000,0.0000,19.6665,-27.0000,-5.7117,7240.0000,1500.0000
9873,13:48:16.351000,2593.0000,0.0000,19.6665,-41.0000,-5.9025,7260.0000,1500.0000
9881,13:48:16.361000,2250.0000,0.0000,19.6665,-22.0000,-6.5604,7263.0000,1500.0000
9889,13:48:16.371000,2324.0000,0.0000,15.7332,-20.0000,-6.2743,7243.0000,1500.0000
9897,13:48:16.381000,2695.0000,0.0000,19.6665,-31.0000,-5.9692,7260.0000,1500.0000
9905,13:48:16.391000,2375.0000,0.0000,19.6665,-36.0000,-6.1599,7263.0000,1500.0000
9913,13:48:16.401000,2750.0000,0.0000,19.6665,-36.0000,-6.1981,7239.0000,1500.0000
9921,13:48:16.411000,2503.0000,0.0000,23.5998,-34.0000,-6.2171,7271.0000,1500.0000
9929,13:48:16.421000,2917.0000,0.0000,19.6665,-51.0000,-5.8262,7266.0000,1500.0000
9937,13:48:16.431000,2890.0000,0.0000,19.6665,-55.0000,-5.7022,7276.0000,1500.0000
9945,13:48:16.441000,2785.0000,0.0000,23.5998,-48.0000,-5.8834,7277.0000,1500.0000
9953,13:48:16.451000,2605.0000,0.0000,19.6665,-29.0000,-6.5413,7249.0000,1500.0000
9961,13:48:16.461000,2718.0000,0.0000,19.6665,-12.0000,-6.4364,7241.0000,1500.0000
9969,13:48:16.471000,2855.0000,0.0000,19.6665,-41.0000,-6.1408,7262.0000,1500.0000
9977,13:48:16.481000,2472.0000,0.0000,19.6665,-20.0000,-5.8452,7273.0000,1500.0000
9985,13:48:16.491000,2355.0000,0.0000,19.6665,-46.0000,-5.9406,7257.0000,1500.0000
9993,13:48:16.501000,2750.0000,0.0000,23.5998,-70.0000,-6.1027,7258.0000,1500.0000
10001,13:48:16.511000,2769.0000,0.0000,19.6665,-15.0000,-5.8071,7254.0000,1500.0000
10009,13:48:16.521000,2335.0000,0.0000,19.6665,-46.0000,-5.5306,7288.0000,1500.0000
10017,13:48:16.531000,2839.0000,0.0000,19.6665,-51.0000,-5.7594,7272.0000,1500.0000
10025,13:48:16.541000,2730.0000,0.0000,19.6665,-43.0000,-6.2362,7267.0000,1500.0000
10033,13:48:16.551000,2789.0000,0.0000,19.6665,-39.0000,-6.3220,7265.0000,1500.0000
10041,13:48:16.561000,3183.0000,0.0000,19.6665,-36.0000,-5.9215,7269.0000,1500.0000
10049,13:48:16.571000,2496.0000,0.0000,19.6665,-31.0000,-5.6736,7270.0000,1500.0000
10057,13:48:16.581000,2371.0000,0.0000,19.6665,-36.0000,-5.6736,7284.0000,1500.0000
10065,13:48:16.591000,2847.0000,0.0000,19.6665,-55.0000,-5.9692,7268.0000,1500.0000
10073,13:48:16.601000,3390.0000,0.0000,19.6665,-39.0000,-5.8166,7271.0000,1500.0000
10081,13:48:16.611000,2636.0000,0.0000,19.6665,-29.0000,-5.6641,7284.0000,1500.0000
10089,13:48:16.621000,2500.0000,0.0000,23.5998,-31.0000,-5.5210,7272.0000,1500.0000
10097,13:48:16.631000,2625.0000,0.0000,19.6665,-27.0000,-6.1790,7275.0000,1500.0000
10105,13:48:16.641000,2625.0000,0.0000,23.5998,-15.0000,-6.6081,7314.0000,1500.0000
10113,13:48:16.651000,2351.0000,0.0000,19.6665,-27.0000,-6.2553,7279.0000,1500.0000
10121,13:48:16.661000,2410.0000,0.0000,19.6665,-36.0000,-5.7880,7271.0000,1500.0000
10129,13:48:16.671000,2777.0000,0.0000,19.6665,-34.0000,-5.6736,7272.0000,1500.0000
10137,13:48:16.681000,2230.0000,0.0000,19.6665,-20.0000,-6.1313,7292.0000,1500.0000
10145,13:48:16.691000,3070.0000,0.0000,19.6665,-43.0000,-6.0646,7291.0000,1500.0000
10153,13:48:16.701000,2046.0000,0.0000,15.7332,-48.0000,-5.7308,7282.0000,1500.0000
10161,13:48:16.711000,2250.0000,0.0000,15.7332,-48.0000,-5.7308,7300.0000,1500.0000
10169,13:48:16.721000,2214.0000,0.0000,23.5998,-24.0000,-6.1599,7309.0000,1500.0000
10177,13:48:16.731000,3015.0000,0.0000,19.6665,-27.0000,-6.6367,7318.0000,1500.0000
10185,13:48:16.741000,2523.0000,0.0000,19.6665,-46.0000,-6.4174,7293.0000,1500.0000
10193,13:48:16.751000,1988.0000,0.0000,19.6665,-31.0000,-5.8834,7296.0000,1500.0000
10201,13:48:16.761000,2972.0000,0.0000,19.6665,-22.0000,-5.7976,7306.0000,1500.0000
10209,13:48:16.771000,2617.0000,0.0000,19.6665,-34.0000,-6.0836,7334.0000,1500.0000
10217,13:48:16.781000,1835.0000,0.0000,23.5998,-20.0000,-6.2743,7315.0000,1500.0000
10225,13:48:16.791000,3765.0000,0.0000,19.6665,-43.0000,-5.6069,7290.0000,1500.0000
10233,13:48:16.801000,3398.0000,0.0000,19.6665,-51.0000,-5.5496,7297.0000,1500.0000
10241,13:48:16.811000,2175.0000,0.0000,19.6665,-41.0000,-6.0073,7325.0000,1500.0000
10249,13:48:16.821000,2156.0000,0.0000,19.6665,-34.0000,-6.4174,7289.0000,1500.0000
10257,13:48:16.831000,2382.0000,0.0000,19.6665,-20.0000,-6.3792,7336.0000,1500.0000
10265,13:48:16.841000,2777.0000,0.0000,23.5998,-34.0000,-6.0932,7324.0000,1500.0000
10273,13:48:16.851000,2800.0000,0.0000,19.6665,-36.0000,-5.5210,7336.0000,1500.0000
10281,13:48:16.861000,2792.0000,0.0000,19.6665,-36.0000,-5.8357,7300.0000,1500.0000
10289,13:48:16.871000,2519.0000,0.0000,19.6665,-36.0000,-6.2839,7311.0000,1500.0000
10297,13:48:16.881000,2296.0000,0.0000,19.6665,-24.0000,-5.7880,7330.0000,1500.0000
10305,13:48:16.891000,3312.0000,0.0000,23.5998,-55.0000,-5.3113,7294.0000,1500.0000
10313,13:48:16.901000,2914.0000,0.0000,19.6665,-39.0000,-5.5878,7322.0000,1500.0000
10321,13:48:16.911000,2253.0000,0.0000,19.6665,-34.0000,-5.9501,7333.0000,1500.0000
10329,13:48:16.921000,2707.0000,0.0000,19.6665,-46.0000,-6.5890,7309.0000,1500.0000
10337,13:48:16.931000,1812.0000,0.0000,19.6665,-43.0000,-6.1885,7347.0000,1500.0000
10345,13:48:16.941000,2199.0000,0.0000,19.6665,-15.0000,-5.7117,7349.0000,1500.0000
10353,13:48:16.951000,3398.0000,0.0000,23.5998,-39.0000,-5.7880,7314.0000,1500.0000
10361,13:48:16.961000,3585.0000,0.0000,19.6665,-46.0000,-5.9025,7317.0000,1500.0000
10369,13:48:16.971000,2851.0000,0.0000,19.6665,-41.0000,-5.5878,7334.0000,1500.0000
10377,13:48:16.981000,2910.0000,0.0000,19.6665,-55.0000,-5.4448,7371.0000,1500.0000
10385,13:48:16.991000,2941.0000,0.0000,15.7332,-65.0000,-5.5401,7333.0000,1500.0000
10393,13:48:17.001000,2976.0000,0.0000,19.6665,-36.0000,-5.9787,7326.0000,1500.0000
10401,13:48:17.011000,3316.0000,0.0000,19.6665,-46.0000,-6.6558,7346.0000,1500.0000
10409,13:48:17.021000,2691.0000,0.0000,19.6665,-24.0000,-6.7893,7323.0000,1500.0000
10417,13:48:17.031000,1667.0000,0.0000,19.6665,-70.0000,-6.1122,7346.0000,1500.0000
10425,13:48:17.041000,2113.0000,0.0000,15.7332,-41.0000,-5.8071,7359.0000,1500.0000
10433,13:48:17.051000,2640.0000,0.0000,19.6665,-55.0000,-5.9406,7340.0000,1500.0000
10441,13:48:17.061000,2941.0000,0.0000,19.6665,-51.0000,-6.1313,7328.0000,1500.0000
10449,13:48:17.071000,2835.0000,0.0000,19.6665,-31.0000,-5.7594,7378.0000,1500.0000
10457,13:48:17.081000,2847.0000,0.0000,19.6665,-48.0000,-5.7690,7385.0000,1500.0000
10465,13:48:17.091000,1796.0000,0.0000,19.6665,-34.0000,-6.1408,7335.0000,1500.0000
10473,13:48:17.101000,2648.0000,0.0000,19.6665,-41.0000,-6.6272,7357.0000,1500.0000
10481,13:48:17.111000,2718.0000,0.0000,23.5998,-43.0000,-6.5223,7336.0000,1500.0000
10489,13:48:17.121000,2507.0000,0.0000,19.6665,-51.0000,-6.2839,7362.0000,1500.0000
10497,13:48:17.131000,2195.0000,0.0000,19.6665,-39.0000,-5.8452,7355.0000,1500.0000
10505,13:48:17.141000,3433.0000,0.0000,19.6665,-29.0000,-6.5127,7336.0000,1500.0000
10513,13:48:17.151000,2835.0000,0.0000,19.6665,-24.0000,-6.3220,7345.0000,1500.0000
10521,13:48:17.161000,3007.0000,0.0000,19.6665,-43.0000,-5.7690,7353.0000,1500.0000
10529,13:48:17.171000,2628.0000,0.0000,19.6665,-46.0000,-5.5783,7326.0000,1500.0000
10537,13:48:17.181000,2753.0000,0.0000,19.6665,-41.0000,-5.9787,7386.0000,1500.0000
10545,13:48:17.191000,1996.0000,0.0000,19.6665,-27.0000,-6.6748,7340.0000,1500.0000
10553,13:48:17.201000,2453.0000,0.0000,19.6665,-41.0000,-6.5604,7330.0000,1500.0000
10561,13:48:17.211000,2191.0000,0.0000,19.6665,-60.0000,-6.2648,7370.0000,1500.0000
10569,13:48:17.221000,2464.0000,0.0000,19.6665,-34.0000,-5.8166,7360.0000,1500.0000
10577,13:48:17.231000,2332.0000,0.0000,23.5998,-36.0000,-6.2076,7378.0000,1500.0000
10585,13:48:17.241000,2109.0000,0.0000,23.5998,-34.0000,-6.0741,7349.0000,1500.0000
10593,13:48:17.251000,2890.0000,0.0000,19.6665,-53.0000,-5.7213,7334.0000,1500.0000
10601,13:48:17.261000,2332.0000,0.0000,19.6665,-39.0000,-5.4734,7395.0000,1500.0000
10609,13:48:17.271000,2707.0000,0.0000,19.6665,-51.0000,-5.9692,7371.0000,1500.0000
10617,13:48:17.281000,2039.0000,0.0000,19.6665,-27.0000,-6.3983,7367.0000,1500.0000
10625,13:48:17.291000,2507.0000,0.0000,19.6665,-31.0000,-6.4746,7346.0000,1500.0000
10633,13:48:17.301000,2691.0000,0.0000,19.6665,-20.0000,-6.1599,7345.0000,1500.0000
10641,13:48:17.311000,2164.0000,0.0000,19.6665,-58.0000,-5.6641,7349.0000,1500.0000
10649,13:48:17.321000,2132.0000,0.0000,19.6665,-53.0000,-5.9787,7379.0000,1500.0000
10657,13:48:17.331000,2207.0000,0.0000,19.6665,-51.0000,-6.3125,7383.0000,1500.0000
10665,13:48:17.341000,2613.0000,0.0000,23.5998,-20.0000,-5.8834,7352.0000,1500.0000
10673,13:48:17.351000,2300.0000,0.0000,19.6665,-24.0000,-5.4352,7363.0000,1500.0000
10681,13:48:17.361000,2484.0000,0.0000,19.6665,-39.0000,-5.5878,7349.0000,1500.0000
10689,13:48:17.371000,2054.0000,0.0000,19.6665,-43.0000,-6.4174,7350.0000,1500.0000
10697,13:48:17.381000,2523.0000,0.0000,19.6665,-43.0000,-6.4174,7371.0000,1500.0000
10705,13:48:17.391000,2898.0000,0.0000,19.6665,-43.0000,-6.0169,7348.0000,1500.0000
10713,13:48:17.401000,2785.0000,0.0000,19.6665,-53.0000,-5.7499,7376.0000,1500.0000
10721,13:48:17.411000,2730.0000,0.0000,15.7332,-39.0000,-5.7976,7364.0000,1500.0000
10729,13:48:17.421000,2128.0000,0.0000,19.6665,-34.0000,-6.1313,7369.0000,1500.0000
10737,13:48:17.431000,1777.0000,0.0000,19.6665,-39.0000,-6.0360,7391.0000,1500.0000
10745,13:48:17.441000,2906.0000,0.0000,19.6665,-41.0000,-5.6259,7322.0000,1500.0000
10753,13:48:17.451000,2562.0000,0.0000,19.6665,-31.0000,-5.5115,7353.0000,1500.0000
10761,13:48:17.461000,2710.0000,0.0000,19.6665,-43.0000,-5.8357,7363.0000,1500.0000
10769,13:48:17.471000,2394.0000,0.0000,19.6665,-36.0000,-6.4746,7365.0000,1500.0000
10777,13:48:17.481000,2546.0000,0.0000,19.6665,-17.0000,-6.4269,7367.0000,1500.0000
10785,13:48:17.491000,2910.0000,0.0000,19.6665,-29.0000,-5.9787,7389.0000,1500.0000
10793,13:48:17.501000,2593.0000,0.0000,19.6665,-36.0000,-5.9311,7329.0000,1500.0000
10801,13:48:17.511000,2683.0000,0.0000,19.6665,-34.0000,-6.2648,7379.0000,1500.0000
10809,13:48:17.521000,2085.0000,0.0000,23.5998,-41.0000,-6.2076,7358.0000,1500.0000
10817,13:48:17.531000,2902.0000,0.0000,15.7332,-41.0000,-6.0550,7396.0000,1500.0000
10825,13:48:17.541000,1878.0000,0.0000,23.5998,-41.0000,-5.7594,7357.0000,1500.0000
10833,13:48:17.551000,2855.0000,0.0000,15.7332,-51.0000,-6.0836,7383.0000,1500.0000
10841,13:48:17.561000,2675.0000,0.0000,19.6665,-31.0000,-6.4460,7415.0000,1500.0000
10849,13:48:17.571000,2304.0000,0.0000,19.6665,-31.0000,-6.3983,7356.0000,1500.0000
10857,13:48:17.581000,2753.0000,0.0000,19.6665,-48.0000,-6.0550,7377.0000,1500.0000
10865,13:48:17.591000,2156.0000,0.0000,19.6665,-65.0000,-5.5020,7357.0000,1500.0000
10873,13:48:17.601000,2191.0000,0.0000,19.6665,-31.0000,-6.1218,7354.0000,1500.0000
10881,13:48:17.611000,2449.0000,0.0000,19.6665,-34.0000,-6.1218,7371.0000,1500.0000
10889,13:48:17.621000,2699.0000,0.0000,19.6665,-43.0000,-5.5210,7372.0000,1500.0000
10897,13:48:17.631000,3226.0000,0.0000,19.6665,-48.0000,-5.5496,7386.0000,1500.0000
10905,13:48:17.641000,3019.0000,0.0000,19.6665,-24.0000,-5.5306,7387.0000,1500.0000
10913,13:48:17.651000,2824.0000,0.0000,19.6665,-41.0000,-6.1981,7369.0000,1500.0000
10921,13:48:17.661000,2496.0000,0.0000,19.6665,-36.0000,-6.1694,7401.0000,1500.0000
10929,13:48:17.671000,2542.0000,0.0000,19.6665,-31.0000,-5.9883,7372.0000,1500.0000
10937,13:48:17.681000,2714.0000,0.0000,19.6665,-34.0000,-5.7690,7378.0000,1500.0000
10945,13:48:17.691000,2558.0000,0.0000,19.6665,-36.0000,-5.9311,7395.0000,1500.0000
10953,13:48:17.701000,2160.0000,0.0000,19.6665,-55.0000,-6.1027,7365.0000,1500.0000
10961,13:48:17.711000,2875.0000,0.0000,19.6665,-34.0000,-5.7499,7371.0000,1500.0000
10969,13:48:17.721000,2503.0000,0.0000,19.6665,-51.0000,-5.3971,7409.0000,1500.0000
10977,13:48:17.731000,3109.0000,0.0000,15.7332,-48.0000,-5.3780,7386.0000,1500.0000
10985,13:48:17.741000,2574.0000,0.0000,19.6665,-31.0000,-5.8262,7375.0000,1500.0000
10993,13:48:17.751000,2523.0000,0.0000,19.6665,-48.0000,-6.6176,7405.0000,1500.0000
11001,13:48:17.761000,3105.0000,0.0000,19.6665,-24.0000,-6.3411,7380.0000,1500.0000
11009,13:48:17.771000,2945.0000,0.0000,15.7332,-41.0000,-6.0360,7392.0000,1500.0000
11017,13:48:17.781000,2929.0000,0.0000,19.6665,-34.0000,-6.0646,7383.0000,1500.0000
11025,13:48:17.791000,2917.0000,0.0000,19.6665,-36.0000,-6.3125,7377.0000,1500.0000
11033,13:48:17.801000,2757.0000,0.0000,19.6665,-39.0000,-6.2076,7383.0000,1500.0000
11041,13:48:17.811000,2929.0000,0.0000,19.6665,-36.0000,-5.5306,7416.0000,1500.0000
11049,13:48:17.821000,2746.0000,0.0000,19.6665,-48.0000,-5.5783,7393.0000,1500.0000
11057,13:48:17.831000,2996.0000,0.0000,19.6665,-41.0000,-5.8357,7392.0000,1500.0000
11065,13:48:17.841000,3648.0000,0.0000,19.6665,-43.0000,-6.6462,7391.0000,1500.0000
11073,13:48:17.851000,2523.0000,0.0000,19.6665,-39.0000,-6.4460,7389.0000,1500.0000
11081,13:48:17.861000,3089.0000,0.0000,19.6665,-36.0000,-5.9311,7412.0000,1500.0000
11089,13:48:17.871000,3457.0000,0.0000,19.6665,-27.0000,-5.8357,7409.0000,1500.0000
11097,13:48:17.881000,2988.0000,0.0000,15.7332,-8.0000,-6.1313,7403.0000,1500.0000
11105,13:48:17.891000,2578.0000,0.0000,19.6665,-41.0000,-6.1790,7390.0000,1500.0000
11113,13:48:17.901000,2843.0000,0.0000,23.5998,-51.0000,-5.5973,7404.0000,1500.0000
11121,13:48:17.911000,2539.0000,0.0000,23.5998,-27.0000,-5.4448,7392.0000,1500.0000
11129,13:48:17.921000,3210.0000,0.0000,19.6665,-55.0000,-5.7976,7400.0000,1500.0000
11137,13:48:17.931000,3218.0000,0.0000,19.6665,-51.0000,-6.4841,7422.0000,1500.0000
11145,13:48:17.941000,3757.0000,0.0000,19.6665,-39.0000,-6.3602,7427.0000,1500.0000
11153,13:48:17.951000,2496.0000,0.0000,15.7332,-46.0000,-6.1313,7393.0000,1500.0000
11161,13:48:17.961000,3054.0000,0.0000,19.6665,-43.0000,-5.8738,7423.0000,1500.0000
11169,13:48:17.971000,2730.0000,0.0000,23.5998,-48.0000,-5.7690,7400.0000,1500.0000
11177,13:48:17.981000,3433.0000,0.0000,19.6665,-55.0000,-6.4650,7403.0000,1500.0000
11185,13:48:17.991000,3394.0000,0.0000,19.6665,-43.0000,-5.8548,7382.0000,1500.0000
11193,13:48:18.001000,3191.0000,0.0000,19.6665,-43.0000,-5.7976,7412.0000,1500.0000
11201,13:48:18.011000,2984.0000,0.0000,19.6665,-67.0000,-5.7785,7429.0000,1500.0000
11209,13:48:18.021000,3230.0000,0.0000,23.5998,-60.0000,-6.4269,7396.0000,1500.0000
11217,13:48:18.031000,3464.0000,0.0000,19.6665,-24.0000,-6.5604,7416.0000,1500.0000
11225,13:48:18.041000,3601.0000,0.0000,19.6665,-39.0000,-6.1027,7406.0000,1500.0000
11233,13:48:18.051000,3746.0000,0.0000,19.6665,-34.0000,-5.7785,7403.0000,1500.0000
11241,13:48:18.061000,3332.0000,0.0000,19.6665,-39.0000,-5.9501,7437.0000,1500.0000
11249,13:48:18.071000,3476.0000,0.0000,19.6665,-46.0000,-6.3983,7432.0000,1500.0000
11257,13:48:18.081000,3601.0000,0.0000,23.5998,-39.0000,-6.1599,7437.0000,1500.0000
11265,13:48:18.091000,3507.0000,0.0000,19.6665,-43.0000,-5.8262,7415.0000,1500.0000
11273,13:48:18.101000,3968.0000,0.0000,19.6665,-41.0000,-5.6831,7419.0000,1500.0000
11281,13:48:18.111000,3457.0000,0.0000,19.6665,-31.0000,-6.1599,7455.0000,1500.0000
11289,13:48:18.121000,3148.0000,0.0000,23.5998,-36.0000,-6.5985,7409.0000,1500.0000
11297,13:48:18.131000,3292.0000,0.0000,23.5998,-36.0000,-6.2076,7418.0000,1500.0000
11305,13:48:18.141000,3808.0000,0.0000,19.6665,-29.0000,-5.7690,7412.0000,1500.0000
11313,13:48:18.151000,3289.0000,0.0000,23.5998,-36.0000,-5.8834,7429.0000,1500.0000
11321,13:48:18.161000,3035.0000,0.0000,19.6665,-31.0000,-6.1790,7419.0000,1500.0000
11329,13:48:18.171000,3179.0000,0.0000,15.7332,-46.0000,-6.0932,7433.0000,1500.0000
11337,13:48:18.181000,3660.0000,0.0000,23.5998,-58.0000,-5.7594,7422.0000,1500.0000
11345,13:48:18.191000,4105.0000,0.0000,19.6665,-65.0000,-5.5115,7427.0000,1500.0000
11353,13:48:18.201000,3628.0000,0.0000,19.6665,-51.0000,-6.0932,7412.0000,1500.0000
11361,13:48:18.211000,3523.0000,0.0000,19.6665,-29.0000,-6.6748,7420.0000,1500.0000
11369,13:48:18.221000,4042.0000,0.0000,19.6665,-20.0000,-6.1122,7446.0000,1500.0000
11377,13:48:18.231000,2984.0000,0.0000,19.6665,-34.0000,-5.7404,7420.0000,1500.0000
11385,13:48:18.241000,3894.0000,0.0000,19.6665,-58.0000,-5.7213,7432.0000,1500.0000
11393,13:48:18.251000,3464.0000,0.0000,19.6665,-34.0000,-5.9978,7412.0000,1500.0000
11401,13:48:18.261000,3542.0000,0.0000,19.6665,-60.0000,-6.1122,7426.0000,1500.0000
11409,13:48:18.271000,3394.0000,0.0000,19.6665,-34.0000,-5.6927,7423.0000,1500.0000
11417,13:48:18.281000,2988.0000,0.0000,19.6665,-31.0000,-5.4066,7426.0000,1500.0000
11425,13:48:18.291000,3515.0000,0.0000,23.5998,-48.0000,-5.6927,7423.0000,1500.0000
11433,13:48:18.301000,2875.0000,0.0000,19.6665,-39.0000,-6.3697,7464.0000,1500.0000
11441,13:48:18.311000,3402.0000,0.0000,19.6665,-31.0000,-6.5890,7436.0000,1500.0000
11449,13:48:18.321000,3375.0000,0.0000,19.6665,-46.0000,-6.1408,7435.0000,1500.0000
11457,13:48:18.331000,3074.0000,0.0000,23.5998,-51.0000,-5.7880,7429.0000,1500.0000
11465,13:48:18.341000,3386.0000,0.0000,19.6665,-39.0000,-6.0169,7457.0000,1500.0000
11473,13:48:18.351000,3472.0000,0.0000,19.6665,-39.0000,-6.4269,7429.0000,1500.0000
11481,13:48:18.361000,3328.0000,0.0000,19.6665,-39.0000,-5.8071,7452.0000,1500.0000
11489,13:48:18.371000,3488.0000,0.0000,19.6665,-53.0000,-5.5592,7433.0000,1500.0000
11497,13:48:18.381000,3257.0000,0.0000,19.6665,-31.0000,-5.8357,7434.0000,1500.0000
11505,13:48:18.391000,3164.0000,0.0000,19.6665,-17.0000,-6.2934,7435.0000,1500.0000
11513,13:48:18.401000,3687.0000,0.0000,19.6665,-24.0000,-6.5604,7424.0000,1500.0000
11521,13:48:18.411000,3328.0000,0.0000,19.6665,-46.0000,-6.2171,7438.0000,1500.0000
11529,13:48:18.421000,2535.0000,0.0000,15.7332,-36.0000,-5.7880,7450.0000,1500.0000
11537,13:48:18.431000,2675.0000,0.0000,19.6665,-17.0000,-5.9692,7449.0000,1500.0000
11545,13:48:18.441000,2957.0000,0.0000,19.6665,-51.0000,-6.2267,7429.0000,1500.0000
11553,13:48:18.451000,3226.0000,0.0000,19.6665,-24.0000,-5.8357,7450.0000,1500.0000
11561,13:48:18.461000,3550.0000,0.0000,19.6665,-51.0000,-5.5878,7433.0000,1500.0000
11569,13:48:18.471000,3269.0000,0.0000,19.6665,-43.0000,-5.5020,7436.0000,1500.0000
11577,13:48:18.481000,3117.0000,0.0000,19.6665,-53.0000,-6.0360,7422.0000,1500.0000
11585,13:48:18.491000,2601.0000,0.0000,19.6665,-36.0000,-6.6367,7430.0000,1500.0000
11593,13:48:18.501000,3812.0000,0.0000,19.6665,-39.0000,-6.2076,7439.0000,1500.0000
11601,13:48:18.511000,3578.0000,0.0000,19.6665,-51.0000,-5.6450,7437.0000,1500.0000
11609,13:48:18.521000,3031.0000,0.0000,19.6665,-51.0000,-5.4829,7437.0000,1500.0000
11617,13:48:18.531000,3265.0000,0.0000,19.6665,-34.0000,-5.7117,7436.0000,1500.0000
11625,13:48:18.541000,2214.0000,0.0000,19.6665,-43.0000,-6.0169,7387.0000,1500.0000
11633,13:48:18.551000,2617.0000,0.0000,19.6665,-43.0000,-5.6927,7439.0000,1500.0000
11641,13:48:18.561000,3003.0000,0.0000,19.6665,-43.0000,-5.3971,7454.0000,1500.0000
11649,13:48:18.571000,3070.0000,0.0000,19.6665,-36.0000,-5.5973,7468.0000,1500.0000
11657,13:48:18.581000,3140.0000,0.0000,19.6665,-51.0000,-6.2743,7456.0000,1500.0000
11665,13:48:18.591000,2480.0000,0.0000,19.6665,-48.0000,-6.1694,7445.0000,1500.0000
11673,13:48:18.601000,3699.0000,0.0000,19.6665,-60.0000,-6.0073,7461.0000,1500.0000
11681,13:48:18.611000,2527.0000,0.0000,19.6665,-51.0000,-5.8071,7438.0000,1500.0000
11689,13:48:18.621000,2664.0000,0.0000,19.6665,-36.0000,-6.1218,7446.0000,1500.0000
11697,13:48:18.631000,3484.0000,0.0000,19.6665,-31.0000,-6.4078,7443.0000,1500.0000
11705,13:48:18.641000,2562.0000,0.0000,19.6665,-48.0000,-5.9501,7457.0000,1500.0000
11713,13:48:18.651000,3750.0000,0.0000,19.6665,-39.0000,-5.6450,7438.0000,1500.0000
11721,13:48:18.661000,3312.0000,0.0000,19.6665,-53.0000,-5.7880,7443.0000,1500.0000
11729,13:48:18.671000,2660.0000,0.0000,19.6665,-17.0000,-6.5890,7447.0000,1500.0000
11737,13:48:18.681000,3046.0000,0.0000,23.5998,-17.0000,-6.8179,7448.0000,1500.0000
11745,13:48:18.691000,3050.0000,0.0000,19.6665,-36.0000,-6.4460,7463.0000,1500.0000
11753,13:48:18.701000,3160.0000,0.0000,19.6665,-41.0000,-5.8166,7447.0000,1500.0000
11761,13:48:18.711000,2503.0000,0.0000,19.6665,-36.0000,-6.2267,7452.0000,1500.0000
11769,13:48:18.721000,3187.0000,0.0000,19.6665,-20.0000,-6.1885,7452.0000,1500.0000
11777,13:48:18.731000,3308.0000,0.0000,19.6665,-43.0000,-5.8071,7439.0000,1500.0000
11785,13:48:18.741000,2304.0000,0.0000,19.6665,-41.0000,-5.3971,7441.0000,1500.0000
11793,13:48:18.751000,2886.0000,0.0000,23.5998,-31.0000,-5.6641,7444.0000,1500.0000
11801,13:48:18.761000,3406.0000,0.0000,19.6665,-31.0000,-6.1504,7443.0000,1500.0000
11809,13:48:18.771000,2500.0000,0.0000,19.6665,-17.0000,-6.6748,7455.0000,1500.0000
11817,13:48:18.781000,3082.0000,0.0000,19.6665,-31.0000,-6.2076,7445.0000,1500.0000
11825,13:48:18.791000,2765.0000,0.0000,19.6665,-29.0000,-5.8834,7431.0000,1500.0000
11833,13:48:18.801000,2328.0000,0.0000,19.6665,-34.0000,-5.9692,7446.0000,1500.0000
11841,13:48:18.811000,2976.0000,0.0000,19.6665,-39.0000,-6.1599,7459.0000,1500.0000
11849,13:48:18.821000,3625.0000,0.0000,19.6665,-58.0000,-5.9597,7463.0000,1500.0000
11857,13:48:18.831000,3121.0000,0.0000,19.6665,-34.0000,-5.5878,7469.0000,1500.0000
11865,13:48:18.841000,2246.0000,0.0000,15.7332,-62.0000,-5.2636,7440.0000,1500.0000
11873,13:48:18.851000,3152.0000,0.0000,19.6665,-48.0000,-5.9597,7501.0000,1500.0000
11881,13:48:18.861000,3007.0000,0.0000,23.5998,-27.0000,-6.5795,7475.0000,1500.0000
11889,13:48:18.871000,3093.0000,0.0000,19.6665,-10.0000,-6.3792,7445.0000,1500.0000
11897,13:48:18.881000,3125.0000,0.0000,19.6665,-36.0000,-6.0646,7456.0000,1500.0000
11905,13:48:18.891000,2558.0000,0.0000,19.6665,-39.0000,-5.9215,7473.0000,1500.0000
11913,13:48:18.901000,2625.0000,0.0000,19.6665,-24.0000,-6.2743,7468.0000,1500.0000
11921,13:48:18.911000,2359.0000,0.0000,19.6665,-39.0000,-6.1122,7484.0000,1500.0000
11929,13:48:18.921000,2855.0000,0.0000,19.6665,-39.0000,-5.8643,7444.0000,1500.0000
11937,13:48:18.931000,2128.0000,0.0000,19.6665,-51.0000,-5.4066,7447.0000,1500.0000
11945,13:48:18.941000,2988.0000,0.0000,19.6665,-53.0000,-5.9787,7446.0000,1500.0000
11953,13:48:18.951000,3265.0000,0.0000,19.6665,-41.0000,-6.4650,7442.0000,1500.0000
11961,13:48:18.961000,2609.0000,0.0000,19.6665,-36.0000,-6.3983,7472.0000,1500.0000
11969,13:48:18.971000,2593.0000,0.0000,19.6665,-34.0000,-5.9501,7471.0000,1500.0000
11977,13:48:18.981000,2429.0000,0.0000,19.6665,-41.0000,-5.9501,7462.0000,1500.0000
11985,13:48:18.991000,2828.0000,0.0000,19.6665,-22.0000,-6.0073,7463.0000,1500.0000
11993,13:48:19.001000,2449.0000,0.0000,19.6665,-27.0000,-6.2743,7451.0000,1500.0000
12001,13:48:19.011000,2398.0000,0.0000,19.6665,-55.0000,-5.6545,7474.0000,1500.0000
12009,13:48:19.021000,3222.0000,0.0000,19.6665,-41.0000,-5.5973,7462.0000,1500.0000
12017,13:48:19.031000,2695.0000,0.0000,19.6665,-36.0000,-5.7880,7435.0000,1500.0000
12025,13:48:19.041000,3128.0000,0.0000,19.6665,-34.0000,-6.3888,7482.0000,1500.0000
12033,13:48:19.051000,2875.0000,0.0000,19.6665,-36.0000,-6.2076,7478.0000,1500.0000
12041,13:48:19.061000,3097.0000,0.0000,19.6665,-41.0000,-6.1313,7471.0000,1500.0000
12049,13:48:19.071000,2992.0000,0.0000,15.7332,-39.0000,-5.7308,7453.0000,1500.0000
12057,13:48:19.081000,2214.0000,0.0000,19.6665,-34.0000,-5.7404,7462.0000,1500.0000
12065,13:48:19.091000,2753.0000,0.0000,23.5998,-17.0000,-6.1408,7426.0000,1500.0000
12073,13:48:19.101000,3703.0000,0.0000,19.6665,-29.0000,-5.6450,7472.0000,1500.0000
12081,13:48:19.111000,2035.0000,0.0000,19.6665,-31.0000,-5.3494,7469.0000,1500.0000
12089,13:48:19.121000,2375.0000,0.0000,19.6665,-24.0000,-5.6641,7469.0000,1500.0000
12097,13:48:19.131000,3195.0000,0.0000,19.6665,-58.0000,-6.0932,7459.0000,1500.0000
12105,13:48:19.141000,3253.0000,0.0000,19.6665,-55.0000,-6.3697,7464.0000,1500.0000
12113,13:48:19.151000,3160.0000,0.0000,19.6665,-46.0000,-6.3983,7382.0000,1500.0000
12121,13:48:19.161000,3039.0000,0.0000,19.6665,-41.0000,-5.8357,7503.0000,1500.0000
12129,13:48:19.171000,2839.0000,0.0000,15.7332,-20.0000,-5.9406,7477.0000,1500.0000
12137,13:48:19.181000,3105.0000,0.0000,19.6665,-31.0000,-6.2457,7451.0000,1500.0000
12145,13:48:19.191000,3136.0000,0.0000,19.6665,-48.0000,-5.9787,7473.0000,1500.0000
12153,13:48:19.201000,3332.0000,0.0000,19.6665,-41.0000,-5.6450,7468.0000,1500.0000
12161,13:48:19.211000,2308.0000,0.0000,19.6665,-27.0000,-5.7022,7499.0000,1500.0000
12169,13:48:19.221000,2972.0000,0.0000,19.6665,-31.0000,-6.0932,7471.0000,1500.0000
12177,13:48:19.231000,3203.0000,0.0000,19.6665,-22.0000,-6.6176,7456.0000,1500.0000
12185,13:48:19.241000,3398.0000,0.0000,15.7332,-39.0000,-6.2362,7461.0000,1500.0000
12193,13:48:19.251000,3535.0000,0.0000,23.5998,-24.0000,-5.9692,7459.0000,1500.0000
12201,13:48:19.261000,2921.0000,0.0000,19.6665,-29.0000,-5.8929,7496.0000,1500.0000
12209,13:48:19.271000,3042.0000,0.0000,23.5998,-58.0000,-6.2934,7465.0000,1500.0000
12217,13:48:19.281000,2917.0000,0.0000,19.6665,-34.0000,-5.9883,7464.0000,1500.0000
12225,13:48:19.291000,3027.0000,0.0000,15.7332,-46.0000,-5.4543,7467.0000,1500.0000
12233,13:48:19.301000,2937.0000,0.0000,15.7332,-58.0000,-5.4638,7468.0000,1500.0000
12241,13:48:19.311000,2968.0000,0.0000,23.5998,-46.0000,-6.0073,7512.0000,1500.0000
12249,13:48:19.321000,3039.0000,0.0000,19.6665,-31.0000,-6.4174,7484.0000,1500.0000
12257,13:48:19.331000,3390.0000,0.0000,19.6665,-29.0000,-6.1981,7468.0000,1500.0000
12265,13:48:19.341000,3539.0000,0.0000,19.6665,-36.0000,-5.7976,7441.0000,1500.0000
12273,13:48:19.351000,3507.0000,0.0000,19.6665,-34.0000,-5.6355,7473.0000,1500.0000
12281,13:48:19.361000,3058.0000,0.0000,19.6665,-41.0000,-5.7117,7488.0000,1500.0000
12289,13:48:19.371000,2589.0000,0.0000,19.6665,-34.0000,-6.1408,7468.0000,1500.0000
12297,13:48:19.381000,3281.0000,0.0000,19.6665,-39.0000,-5.7213,7498.0000,1500.0000
12305,13:48:19.391000,2523.0000,0.0000,19.6665,-46.0000,-5.5210,7481.0000,1500.0000
12313,13:48:19.401000,3070.0000,0.0000,15.7332,-53.0000,-5.5401,7518.0000,1500.0000
12321,13:48:19.411000,2789.0000,0.0000,15.7332,-41.0000,-6.1694,7517.0000,1500.0000
12329,13:48:19.421000,2972.0000,0.0000,19.6665,-24.0000,-6.4460,7465.0000,1500.0000
12337,13:48:19.431000,3050.0000,0.0000,19.6665,-41.0000,-5.9787,7472.0000,1500.0000
12345,13:48:19.441000,2890.0000,0.0000,23.5998,-51.0000,-5.2731,7474.0000,1500.0000
12353,13:48:19.451000,3992.0000,0.0000,19.6665,-55.0000,-5.5020,7474.0000,1500.0000
12361,13:48:19.461000,2625.0000,0.0000,19.6665,-39.0000,-6.0932,7521.0000,1500.0000
12369,13:48:19.471000,3179.0000,0.0000,19.6665,-39.0000,-6.0646,7478.0000,1500.0000
12377,13:48:19.481000,3027.0000,0.0000,23.5998,-46.0000,-6.0073,7471.0000,1500.0000
12385,13:48:19.491000,3160.0000,0.0000,19.6665,-43.0000,-5.6069,7496.0000,1500.0000
12393,13:48:19.501000,3000.0000,0.0000,19.6665,-41.0000,-5.8929,7500.0000,1500.0000
12401,13:48:19.511000,3402.0000,0.0000,19.6665,-34.0000,-6.5223,7495.0000,1500.0000
12409,13:48:19.521000,3039.0000,0.0000,19.6665,-34.0000,-5.9692,7477.0000,1500.0000
12417,13:48:19.531000,3066.0000,0.0000,19.6665,-29.0000,-5.9692,7480.0000,1500.0000
12425,13:48:19.541000,2347.0000,0.0000,19.6665,-60.0000,-5.9311,7491.0000,1500.0000
12433,13:48:19.551000,3015.0000,0.0000,19.6665,-24.0000,-6.4078,7505.0000,1500.0000
12441,13:48:19.561000,2792.0000,0.0000,19.6665,-58.0000,-6.4460,7525.0000,1500.0000
12449,13:48:19.571000,3015.0000,0.0000,15.7332,-31.0000,-5.9787,7497.0000,1500.0000
12457,13:48:19.581000,3144.0000,0.0000,19.6665,-24.0000,-5.7594,7458.0000,1500.0000
12465,13:48:19.591000,3062.0000,0.0000,23.5998,-43.0000,-5.8643,7501.0000,1500.0000
12473,13:48:19.601000,2921.0000,0.0000,19.6665,-20.0000,-6.7416,7478.0000,1500.0000
12481,13:48:19.611000,3648.0000,0.0000,19.6665,-39.0000,-6.6462,7502.0000,1500.0000
12489,13:48:19.621000,3023.0000,0.0000,19.6665,-43.0000,-6.2743,7507.0000,1500.0000
12497,13:48:19.631000,2894.0000,0.0000,19.6665,-31.0000,-6.0646,7504.0000,1500.0000
12505,13:48:19.641000,3031.0000,0.0000,23.5998,-36.0000,-6.3506,7414.0000,1500.0000
12513,13:48:19.651000,3593.0000,0.0000,19.6665,-17.0000,-6.2267,7539.0000,1500.0000
12521,13:48:19.661000,3324.0000,0.0000,19.6665,-55.0000,-5.8834,7507.0000,1500.0000
12529,13:48:19.671000,3328.0000,0.0000,19.6665,-24.0000,-5.7308,7506.0000,1500.0000
12537,13:48:19.681000,3007.0000,0.0000,19.6665,-39.0000,-5.9787,7498.0000,1500.0000
12545,13:48:19.691000,2468.0000,0.0000,23.5998,-29.0000,-6.7320,7481.0000,1500.0000
12553,13:48:19.701000,2792.0000,0.0000,19.6665,-20.0000,-6.5699,7488.0000,1500.0000
12561,13:48:19.711000,4050.0000,0.0000,19.6665,-24.0000,-5.9787,7527.0000,1500.0000
12569,13:48:19.721000,3207.0000,0.0000,19.6665,-55.0000,-5.7785,7496.0000,1500.0000
12577,13:48:19.731000,2312.0000,0.0000,19.6665,-51.0000,-5.9597,7482.0000,1500.0000
12585,13:48:19.741000,3070.0000,0.0000,19.6665,-36.0000,-6.1218,7488.0000,1500.0000
12593,13:48:19.751000,2441.0000,0.0000,19.6665,-27.0000,-5.9787,7495.0000,1500.0000
12601,13:48:19.761000,2953.0000,0.0000,19.6665,-39.0000,-5.6450,7507.0000,1500.0000
12609,13:48:19.771000,3367.0000,0.0000,19.6665,-58.0000,-6.0550,7500.0000,1500.0000
12617,13:48:19.781000,3574.0000,0.0000,23.5998,-29.0000,-6.6844,7482.0000,1500.0000
12625,13:48:19.791000,2648.0000,0.0000,19.6665,-31.0000,-6.3029,7491.0000,1500.0000
12633,13:48:19.801000,2726.0000,0.0000,19.6665,-65.0000,-6.1313,7494.0000,1500.0000
12641,13:48:19.811000,3375.0000,0.0000,19.6665,-51.0000,-5.5496,7509.0000,1500.0000
12649,13:48:19.821000,2804.0000,0.0000,19.6665,-20.0000,-5.8738,7491.0000,1500.0000
12657,13:48:19.831000,3007.0000,0.0000,19.6665,-31.0000,-6.2076,7460.0000,1500.0000
12665,13:48:19.841000,3308.0000,0.0000,19.6665,-36.0000,-5.6259,7496.0000,1500.0000
12673,13:48:19.851000,1906.0000,0.0000,19.6665,-51.0000,-5.6069,7510.0000,1500.0000
12681,13:48:19.861000,2898.0000,0.0000,19.6665,-46.0000,-5.5878,7517.0000,1500.0000
12689,13:48:19.871000,3539.0000,0.0000,19.6665,-34.0000,-6.2743,7509.0000,1500.0000
12697,13:48:19.881000,3003.0000,0.0000,19.6665,-48.0000,-6.4841,7487.0000,1500.0000
12705,13:48:19.891000,2523.0000,0.0000,19.6665,-41.0000,-6.1694,7554.0000,1500.0000
12713,13:48:19.901000,2320.0000,0.0000,19.6665,-34.0000,-5.6450,7502.0000,1500.0000
12721,13:48:19.911000,2359.0000,0.0000,19.6665,-53.0000,-5.9120,7513.0000,1500.0000
12729,13:48:19.921000,3667.0000,0.0000,19.6665,-36.0000,-6.0932,7497.0000,1500.0000
12737,13:48:19.931000,3050.0000,0.0000,19.6665,-29.0000,-5.8166,7490.0000,1500.0000
12745,13:48:19.941000,2855.0000,0.0000,15.7332,-51.0000,-5.5592,7510.0000,1500.0000
12753,13:48:19.951000,1394.0000,0.0000,19.6665,-22.0000,-5.3875,7534.0000,1500.0000
12761,13:48:19.961000,2707.0000,0.0000,19.6665,-20.0000,-5.8452,7513.0000,1500.0000
12769,13:48:19.971000,3007.0000,0.0000,15.7332,-39.0000,-6.5032,7503.0000,1500.0000
12777,13:48:19.981000,2562.0000,0.0000,19.6665,-3.0000,-6.3983,7496.0000,1500.0000
12785,13:48:19.991000,2847.0000,0.0000,19.6665,-31.0000,-5.9311,7501.0000,1500.0000
12793,13:48:20.001000,2898.0000,0.0000,19.6665,-51.0000,-5.7594,7498.0000,1500.0000
12801,13:48:20.011000,2750.0000,0.0000,19.6665,-43.0000,-6.1027,7516.0000,1500.0000
12809,13:48:20.021000,3214.0000,0.0000,19.6665,-39.0000,-6.1313,7494.0000,1500.0000
12817,13:48:20.031000,3031.0000,0.0000,23.5998,-41.0000,-5.7022,7505.0000,1500.0000
12825,13:48:20.041000,2851.0000,0.0000,19.6665,-39.0000,-5.4638,7528.0000,1500.0000
12833,13:48:20.051000,2210.0000,0.0000,23.5998,-36.0000,-5.7308,7516.0000,1500.0000
12841,13:48:20.061000,2957.0000,0.0000,19.6665,-48.0000,-6.3792,7508.0000,1500.0000
12849,13:48:20.071000,2953.0000,0.0000,19.6665,-29.0000,-6.4078,7498.0000,1500.0000
12857,13:48:20.081000,2937.0000,0.0000,19.6665,-60.0000,-6.0932,7495.0000,1500.0000
12865,13:48:20.091000,2929.0000,0.0000,19.6665,-39.0000,-5.8643,7510.0000,1500.0000
12873,13:48:20.101000,3203.0000,0.0000,19.6665,-58.0000,-6.1122,7510.0000,1500.0000
12881,13:48:20.111000,3203.0000,0.0000,19.6665,-8.0000,-6.1599,7506.0000,1500.0000
12889,13:48:20.121000,2246.0000,0.0000,19.6665,-53.0000,-5.7690,7496.0000,1500.0000
12897,13:48:20.131000,2265.0000,0.0000,19.6665,-48.0000,-5.3399,7477.0000,1500.0000
12905,13:48:20.141000,3691.0000,0.0000,19.6665,-43.0000,-5.5020,7512.0000,1500.0000
12913,13:48:20.151000,1828.0000,0.0000,19.6665,-34.0000,-6.0932,7512.0000,1500.0000
12921,13:48:20.161000,2941.0000,0.0000,23.5998,-36.0000,-6.4650,7514.0000,1500.0000
12929,13:48:20.171000,3027.0000,0.0000,19.6665,-39.0000,-6.2362,7498.0000,1500.0000
12937,13:48:20.181000,2441.0000,0.0000,19.6665,-39.0000,-5.6355,7523.0000,1500.0000
12945,13:48:20.191000,2964.0000,0.0000,19.6665,-41.0000,-5.8071,7508.0000,1500.0000
12953,13:48:20.201000,2964.0000,0.0000,19.6665,-34.0000,-6.0741,7536.0000,1500.0000
12961,13:48:20.211000,3035.0000,0.0000,19.6665,-39.0000,-5.9215,7518.0000,1500.0000
12969,13:48:20.221000,3179.0000,0.0000,19.6665,-34.0000,-5.4257,7495.0000,1500.0000
12977,13:48:20.231000,3113.0000,0.0000,19.6665,-41.0000,-5.5210,7504.0000,1500.0000
12985,13:48:20.241000,2343.0000,0.0000,19.6665,-55.0000,-6.0932,7508.0000,1500.0000
12993,13:48:20.251000,2992.0000,0.0000,19.6665,-39.0000,-6.5699,7506.0000,1500.0000
13001,13:48:20.261000,2871.0000,0.0000,23.5998,-36.0000,-6.3029,7536.0000,1500.0000
13009,13:48:20.271000,3062.0000,0.0000,19.6665,-48.0000,-6.0169,7505.0000,1500.0000
13017,13:48:20.281000,3148.0000,0.0000,19.6665,-51.0000,-5.6736,7507.0000,1500.0000
13025,13:48:20.291000,2332.0000,0.0000,19.6665,-36.0000,-6.0550,7522.0000,1500.0000
13033,13:48:20.301000,2304.0000,0.0000,19.6665,-34.0000,-5.9025,7506.0000,1500.0000
13041,13:48:20.311000,2769.0000,0.0000,19.6665,-43.0000,-5.7213,7536.0000,1500.0000
13049,13:48:20.321000,2476.0000,0.0000,19.6665,-46.0000,-5.4352,7517.0000,1500.0000
13057,13:48:20.331000,2914.0000,0.0000,19.6665,-29.0000,-5.7404,7529.0000,1500.0000
13065,13:48:20.341000,2410.0000,0.0000,19.6665,-36.0000,-6.4650,7544.0000,1500.0000
13073,13:48:20.351000,3769.0000,0.0000,19.6665,-46.0000,-6.4650,7534.0000,1500.0000
13081,13:48:20.361000,2765.0000,0.0000,19.6665,-55.0000,-5.7499,7516.0000,1500.0000
13089,13:48:20.371000,3082.0000,0.0000,19.6665,-53.0000,-5.5020,7503.0000,1500.0000
13097,13:48:20.381000,2847.0000,0.0000,19.6665,-17.0000,-5.9597,7498.0000,1500.0000
13105,13:48:20.391000,2628.0000,0.0000,19.6665,-31.0000,-6.2457,7530.0000,1500.0000
13113,13:48:20.401000,2191.0000,0.0000,23.5998,-34.0000,-5.9025,7512.0000,1500.0000
13121,13:48:20.411000,2269.0000,0.0000,19.6665,-36.0000,-5.5687,7505.0000,1500.0000
13129,13:48:20.421000,2671.0000,0.0000,19.6665,-46.0000,-5.5878,7508.0000,1500.0000
13137,13:48:20.431000,2476.0000,0.0000,19.6665,-43.0000,-6.3506,7509.0000,1500.0000
13145,13:48:20.441000,2460.0000,0.0000,19.6665,-43.0000,-6.1504,7554.0000,1500.0000
13153,13:48:20.451000,2390.0000,0.0000,19.6665,-29.0000,-6.0646,7512.0000,1500.0000
13161,13:48:20.461000,1968.0000,0.0000,19.6665,-39.0000,-5.7308,7522.0000,1500.0000
13169,13:48:20.471000,2156.0000,0.0000,19.6665,-43.0000,-6.0741,7508.0000,1500.0000
13177,13:48:20.481000,2960.0000,0.0000,19.6665,-36.0000,-6.6272,7520.0000,1500.0000
13185,13:48:20.491000,2175.0000,0.0000,19.6665,-39.0000,-6.1122,7524.0000,1500.0000
13193,13:48:20.501000,2800.0000,0.0000,23.5998,-60.0000,-5.6355,7532.0000,1500.0000
13201,13:48:20.511000,3429.0000,0.0000,23.5998,-48.0000,-5.5496,7551.0000,1500.0000
13209,13:48:20.521000,2421.0000,0.0000,15.7332,-70.0000,-6.2362,7510.0000,1500.0000
13217,13:48:20.531000,2390.0000,0.0000,19.6665,-36.0000,-6.6272,7535.0000,1500.0000
13225,13:48:20.541000,2136.0000,0.0000,19.6665,-34.0000,-6.5318,7551.0000,1500.0000
13233,13:48:20.551000,3066.0000,0.0000,15.7332,-46.0000,-5.7404,7511.0000,1500.0000
13241,13:48:20.561000,2796.0000,0.0000,19.6665,-46.0000,-6.0264,7539.0000,1500.0000
13249,13:48:20.571000,2808.0000,0.0000,19.6665,-46.0000,-6.3411,7540.0000,1500.0000
13257,13:48:20.581000,3566.0000,0.0000,19.6665,-41.0000,-6.0264,7549.0000,1500.0000
13265,13:48:20.591000,2492.0000,0.0000,19.6665,-41.0000,-5.6831,7555.0000,1500.0000
13273,13:48:20.601000,2976.0000,0.0000,23.5998,-53.0000,-5.5687,7545.0000,1500.0000
13281,13:48:20.611000,3039.0000,0.0000,19.6665,-43.0000,-6.2171,7541.0000,1500.0000
13289,13:48:20.621000,3226.0000,0.0000,23.5998,-34.0000,-6.7225,7526.0000,1500.0000
13297,13:48:20.631000,2925.0000,0.0000,19.6665,-36.0000,-6.4174,7538.0000,1500.0000
13305,13:48:20.641000,2890.0000,0.0000,15.7332,-39.0000,-5.8071,7560.0000,1500.0000
13313,13:48:20.651000,2996.0000,0.0000,23.5998,-22.0000,-5.8548,7533.0000,1500.0000
13321,13:48:20.661000,2523.0000,0.0000,19.6665,-39.0000,-6.1981,7549.0000,1500.0000
13329,13:48:20.671000,2378.0000,0.0000,19.6665,-24.0000,-6.0455,7554.0000,1500.0000
13337,13:48:20.681000,3269.0000,0.0000,19.6665,-43.0000,-5.6259,7567.0000,1500.0000
13345,13:48:20.691000,3027.0000,0.0000,19.6665,-39.0000,-5.5401,7566.0000,1500.0000
13353,13:48:20.701000,2945.0000,0.0000,19.6665,-36.0000,-5.8452,7545.0000,1500.0000
13361,13:48:20.711000,2906.0000,0.0000,19.6665,-27.0000,-6.4841,7562.0000,1500.0000
13369,13:48:20.721000,2652.0000,0.0000,19.6665,-27.0000,-6.2934,7541.0000,1500.0000
13377,13:48:20.731000,2710.0000,0.0000,19.6665,-34.0000,-5.9025,7554.0000,1500.0000
13385,13:48:20.741000,2304.0000,0.0000,19.6665,-39.0000,-5.7213,7541.0000,1500.0000
13393,13:48:20.751000,2054.0000,0.0000,19.6665,-46.0000,-6.1408,7536.0000,1500.0000
13401,13:48:20.761000,2359.0000,0.0000,15.7332,-36.0000,-6.2553,7573.0000,1500.0000
13409,13:48:20.771000,3007.0000,0.0000,23.5998,-39.0000,-5.7213,7549.0000,1500.0000
13417,13:48:20.781000,2339.0000,0.0000,19.6665,-31.0000,-5.4066,7543.0000,1500.0000
13425,13:48:20.791000,2281.0000,0.0000,19.6665,-22.0000,-5.9025,7580.0000,1500.0000
13433,13:48:20.801000,2738.0000,0.0000,19.6665,-41.0000,-6.5604,7555.0000,1500.0000
13441,13:48:20.811000,2718.0000,0.0000,19.6665,-36.0000,-6.5413,7574.0000,1500.0000
13449,13:48:20.821000,2230.0000,0.0000,19.6665,-48.0000,-6.1313,7556.0000,1500.0000
13457,13:48:20.831000,2441.0000,0.0000,19.6665,-48.0000,-5.6641,7583.0000,1500.0000
13465,13:48:20.841000,3070.0000,0.0000,19.6665,-22.0000,-6.2743,7559.0000,1500.0000
13473,13:48:20.851000,2843.0000,0.0000,19.6665,-36.0000,-6.2171,7536.0000,1500.0000
13481,13:48:20.861000,3605.0000,0.0000,19.6665,-41.0000,-5.9597,7557.0000,1500.0000
13489,13:48:20.871000,2531.0000,0.0000,19.6665,-43.0000,-5.5973,7514.0000,1500.0000
13497,13:48:20.881000,2957.0000,0.0000,23.5998,-20.0000,-5.8166,7554.0000,1500.0000
13505,13:48:20.891000,2898.0000,0.0000,19.6665,-36.0000,-6.2648,7559.0000,1500.0000
13513,13:48:20.901000,2839.0000,0.0000,19.6665,-27.0000,-6.6367,7539.0000,1500.0000
13521,13:48:20.911000,2878.0000,0.0000,19.6665,-22.0000,-6.2267,7583.0000,1500.0000
13529,13:48:20.921000,2480.0000,0.0000,15.7332,-48.0000,-5.7213,7553.0000,1500.0000
13537,13:48:20.931000,2960.0000,0.0000,19.6665,-51.0000,-6.0169,7594.0000,1500.0000
13545,13:48:20.941000,2355.0000,0.0000,23.5998,-43.0000,-6.0455,7581.0000,1500.0000
13553,13:48:20.951000,2921.0000,0.0000,23.5998,-53.0000,-5.9597,7540.0000,1500.0000
13561,13:48:20.961000,2761.0000,0.0000,19.6665,-39.0000,-5.5210,7559.0000,1500.0000
13569,13:48:20.971000,2605.0000,0.0000,19.6665,-53.0000,-5.5210,7558.0000,1500.0000
13577,13:48:20.981000,2503.0000,0.0000,19.6665,-51.0000,-6.0073,7595.0000,1500.0000
13585,13:48:20.991000,3066.0000,0.0000,23.5998,-48.0000,-6.3411,7620.0000,1500.0000
13593,13:48:21.001000,2937.0000,0.0000,19.6665,-46.0000,-6.2267,7542.0000,1500.0000
13601,13:48:21.011000,2656.0000,0.0000,23.5998,-48.0000,-5.7308,7558.0000,1500.0000
13609,13:48:21.021000,2523.0000,0.0000,19.6665,-41.0000,-5.5973,7555.0000,1500.0000
13617,13:48:21.031000,2246.0000,0.0000,19.6665,-39.0000,-5.8452,7565.0000,1500.0000
13625,13:48:21.041000,2710.0000,0.0000,19.6665,-34.0000,-6.1122,7560.0000,1500.0000
13633,13:48:21.051000,2722.0000,0.0000,23.5998,-41.0000,-5.6355,7550.0000,1500.0000
13641,13:48:21.061000,3640.0000,0.0000,19.6665,-62.0000,-5.1968,7556.0000,1500.0000
13649,13:48:21.071000,2847.0000,0.0000,19.6665,-51.0000,-5.8548,7563.0000,1500.0000
13657,13:48:21.081000,2945.0000,0.0000,19.6665,-36.0000,-6.2076,7603.0000,1500.0000
13665,13:48:21.091000,2921.0000,0.0000,15.7332,-20.0000,-6.3316,7567.0000,1500.0000
13673,13:48:21.101000,2613.0000,0.0000,19.6665,-43.0000,-6.2362,7560.0000,1500.0000
13681,13:48:21.111000,2945.0000,0.0000,23.5998,-51.0000,-5.8548,7577.0000,1500.0000
13689,13:48:21.121000,3421.0000,0.0000,19.6665,-51.0000,-5.9597,7564.0000,1500.0000
13697,13:48:21.131000,3292.0000,0.0000,23.5998,-48.0000,-6.3316,7571.0000,1500.0000
13705,13:48:21.141000,2847.0000,0.0000,19.6665,-48.0000,-6.1504,7583.0000,1500.0000
13713,13:48:21.151000,2285.0000,0.0000,23.5998,-43.0000,-5.6164,7572.0000,1500.0000
13721,13:48:21.161000,2839.0000,0.0000,23.5998,-39.0000,-5.8548,7562.0000,1500.0000
13729,13:48:21.171000,2570.0000,0.0000,19.6665,-51.0000,-6.4841,7576.0000,1500.0000
13737,13:48:21.181000,3347.0000,0.0000,19.6665,-60.0000,-6.9323,7584.0000,1500.0000
13745,13:48:21.191000,3070.0000,0.0000,19.6665,-46.0000,-6.2457,7587.0000,1500.0000
13753,13:48:21.201000,2964.0000,0.0000,19.6665,-43.0000,-5.9883,7571.0000,1500.0000
13761,13:48:21.211000,2441.0000,0.0000,19.6665,-46.0000,-6.0646,7571.0000,1500.0000
13769,13:48:21.221000,3398.0000,0.0000,19.6665,-39.0000,-6.3506,7601.0000,1500.0000
13777,13:48:21.231000,2386.0000,0.0000,19.6665,-58.0000,-5.8929,7576.0000,1500.0000
13785,13:48:21.241000,2417.0000,0.0000,19.6665,-39.0000,-5.3971,7635.0000,1500.0000
13793,13:48:21.251000,3015.0000,0.0000,19.6665,-48.0000,-5.7690,7611.0000,1500.0000
13801,13:48:21.261000,2339.0000,0.0000,19.6665,-43.0000,-6.3983,7573.0000,1500.0000
13809,13:48:21.271000,2707.0000,0.0000,19.6665,-36.0000,-6.3697,7578.0000,1500.0000
13817,13:48:21.281000,3386.0000,0.0000,19.6665,-43.0000,-6.1408,7577.0000,1500.0000
13825,13:48:21.291000,2929.0000,0.0000,19.6665,-43.0000,-5.9025,7589.0000,1500.0000
13833,13:48:21.301000,3058.0000,0.0000,19.6665,-36.0000,-5.6736,7581.0000,1500.0000
13841,13:48:21.311000,3242.0000,0.0000,19.6665,-43.0000,-6.0741,7571.0000,1500.0000
13849,13:48:21.321000,2691.0000,0.0000,19.6665,-46.0000,-5.9597,7599.0000,1500.0000
13857,13:48:21.331000,2957.0000,0.0000,23.5998,-41.0000,-5.5020,7593.0000,1500.0000
13865,13:48:21.341000,3058.0000,0.0000,19.6665,-55.0000,-5.6736,7591.0000,1500.0000
13873,13:48:21.351000,3054.0000,0.0000,19.6665,-29.0000,-6.1504,7585.0000,1500.0000
13881,13:48:21.361000,2429.0000,0.0000,19.6665,-48.0000,-6.3792,7578.0000,1500.0000
13889,13:48:21.371000,2378.0000,0.0000,15.7332,-34.0000,-6.3029,7583.0000,1500.0000
13897,13:48:21.381000,2761.0000,0.0000,23.5998,-34.0000,-5.9025,7614.0000,1500.0000
13905,13:48:21.391000,3707.0000,0.0000,19.6665,-31.0000,-5.9120,7591.0000,1500.0000
13913,13:48:21.401000,2937.0000,0.0000,19.6665,-55.0000,-6.0550,7617.0000,1500.0000
13921,13:48:21.411000,3199.0000,0.0000,19.6665,-41.0000,-6.0360,7582.0000,1500.0000
13929,13:48:21.421000,3792.0000,0.0000,19.6665,-55.0000,-5.5496,7552.0000,1500.0000
13937,13:48:21.431000,3277.0000,0.0000,19.6665,-41.0000,-5.6355,7592.0000,1500.0000
13945,13:48:21.441000,3250.0000,0.0000,19.6665,-48.0000,-5.8834,7593.0000,1500.0000
13953,13:48:21.451000,2843.0000,0.0000,19.6665,-65.0000,-6.5795,7588.0000,1500.0000
13961,13:48:21.461000,2804.0000,0.0000,19.6665,-22.0000,-6.3983,7581.0000,1500.0000
13969,13:48:21.471000,3117.0000,0.0000,19.6665,-41.0000,-5.8929,7601.0000,1500.0000
13977,13:48:21.481000,3136.0000,0.0000,15.7332,-46.0000,-5.8071,7619.0000,1500.0000
13985,13:48:21.491000,3179.0000,0.0000,19.6665,-53.0000,-6.0646,7623.0000,1500.0000
13993,13:48:21.501000,2910.0000,0.0000,19.6665,-55.0000,-5.9406,7589.0000,1500.0000
14001,13:48:21.511000,2355.0000,0.0000,19.6665,-65.0000,-5.6736,7578.0000,1500.0000
14009,13:48:21.521000,3621.0000,0.0000,19.6665,-53.0000,-5.4352,7628.0000,1500.0000
14017,13:48:21.531000,2925.0000,0.0000,19.6665,-60.0000,-5.5687,7627.0000,1500.0000
14025,13:48:21.541000,2968.0000,0.0000,19.6665,-39.0000,-6.4364,7638.0000,1500.0000
14033,13:48:21.551000,2484.0000,0.0000,19.6665,-51.0000,-6.3983,7596.0000,1500.0000
14041,13:48:21.561000,2375.0000,0.0000,19.6665,-43.0000,-6.0360,7586.0000,1500.0000
14049,13:48:21.571000,2683.0000,0.0000,23.5998,-43.0000,-5.7308,7630.0000,1500.0000
14057,13:48:21.581000,3429.0000,0.0000,19.6665,-34.0000,-5.8166,7597.0000,1500.0000
14065,13:48:21.591000,2453.0000,0.0000,19.6665,-41.0000,-6.1790,7614.0000,1500.0000
14073,13:48:21.601000,3300.0000,0.0000,19.6665,-41.0000,-5.9311,7623.0000,1500.0000
14081,13:48:21.611000,3332.0000,0.0000,19.6665,-22.0000,-5.4448,7588.0000,1500.0000
14089,13:48:21.621000,2906.0000,0.0000,19.6665,-58.0000,-5.6164,7620.0000,1500.0000
14097,13:48:21.631000,3445.0000,0.0000,19.6665,-36.0000,-6.1408,7595.0000,1500.0000
14105,13:48:21.641000,3433.0000,0.0000,19.6665,-34.0000,-6.5032,7614.0000,1500.0000
14113,13:48:21.651000,3804.0000,0.0000,15.7332,-43.0000,-6.2457,7584.0000,1500.0000
14121,13:48:21.661000,2363.0000,0.0000,19.6665,-31.0000,-5.9406,7535.0000,1500.0000
14129,13:48:21.671000,3468.0000,0.0000,23.5998,-36.0000,-5.8738,7628.0000,1500.0000
14137,13:48:21.681000,3453.0000,0.0000,19.6665,-34.0000,-6.2171,7594.0000,1500.0000
14145,13:48:21.691000,2820.0000,0.0000,19.6665,-41.0000,-5.7022,7618.0000,1500.0000
14153,13:48:21.701000,3457.0000,0.0000,19.6665,-41.0000,-5.7213,7585.0000,1500.0000
14161,13:48:21.711000,3332.0000,0.0000,19.6665,-53.0000,-5.7022,7626.0000,1500.0000
14169,13:48:21.721000,2511.0000,0.0000,23.5998,-27.0000,-5.9787,7606.0000,1500.0000
14177,13:48:21.731000,3675.0000,0.0000,19.6665,-31.0000,-6.5509,7630.0000,1500.0000
14185,13:48:21.741000,3722.0000,0.0000,19.6665,-29.0000,-6.1981,7618.0000,1500.0000
14193,13:48:21.751000,3367.0000,0.0000,23.5998,-34.0000,-5.8452,7594.0000,1500.0000
14201,13:48:21.761000,2574.0000,0.0000,19.6665,-48.0000,-5.7499,7630.0000,1500.0000
14209,13:48:21.771000,3015.0000,0.0000,19.6665,-58.0000,-6.1313,7615.0000,1500.0000
14217,13:48:21.781000,3429.0000,0.0000,23.5998,-39.0000,-6.0836,7616.0000,1500.0000
14225,13:48:21.791000,3609.0000,0.0000,19.6665,-39.0000,-5.6831,7634.0000,1500.0000
14233,13:48:21.801000,3515.0000,0.0000,19.6665,-53.0000,-5.5115,7586.0000,1500.0000
14241,13:48:21.811000,2867.0000,0.0000,19.6665,-36.0000,-5.6450,7605.0000,1500.0000
14249,13:48:21.821000,3605.0000,0.0000,19.6665,-31.0000,-6.4937,7619.0000,1500.0000
14257,13:48:21.831000,3394.0000,0.0000,19.6665,-43.0000,-6.2648,7634.0000,1500.0000
14265,13:48:21.841000,3554.0000,0.0000,19.6665,-39.0000,-6.0169,7620.0000,1500.0000
14273,13:48:21.851000,3160.0000,0.0000,19.6665,-48.0000,-5.7785,7597.0000,1500.0000
14281,13:48:21.861000,3191.0000,0.0000,19.6665,-48.0000,-5.7499,7610.0000,1500.0000
14289,13:48:21.871000,2730.0000,0.0000,19.6665,-39.0000,-6.1981,7616.0000,1500.0000
14297,13:48:21.881000,2867.0000,0.0000,19.6665,-24.0000,-5.6450,7625.0000,1500.0000
14305,13:48:21.891000,4425.0000,0.0000,19.6665,-48.0000,-5.5496,7636.0000,1500.0000
14313,13:48:21.901000,3500.0000,0.0000,19.6665,-29.0000,-5.3875,7606.0000,1500.0000
14321,13:48:21.911000,3042.0000,0.0000,19.6665,-34.0000,-5.9406,7582.0000,1500.0000
14329,13:48:21.921000,3515.0000,0.0000,23.5998,-43.0000,-6.4364,7610.0000,1500.0000
14337,13:48:21.931000,3046.0000,0.0000,19.6665,-51.0000,-6.1790,7602.0000,1500.0000
14345,13:48:21.941000,2589.0000,0.0000,19.6665,-51.0000,-5.9883,7636.0000,1500.0000
14353,13:48:21.951000,2945.0000,0.0000,19.6665,-58.0000,-5.9025,7608.0000,1500.0000
14361,13:48:21.961000,2945.0000,0.0000,15.7332,-51.0000,-6.0646,7631.0000,1500.0000
14369,13:48:21.971000,2789.0000,0.0000,19.6665,-43.0000,-6.0360,7590.0000,1500.0000
14377,13:48:21.981000,3433.0000,0.0000,19.6665,-62.0000,-5.5401,7638.0000,1500.0000
14385,13:48:21.991000,3289.0000,0.0000,15.7332,-39.0000,-5.3971,7614.0000,1500.0000
14393,13:48:22.001000,2843.0000,0.0000,19.6665,-48.0000,-6.0932,7606.0000,1500.0000
14401,13:48:22.011000,3378.0000,0.0000,19.6665,-43.0000,-6.8560,7600.0000,1500.0000
14409,13:48:22.021000,3957.0000,0.0000,23.5998,-62.0000,-6.4937,7638.0000,1500.0000
14417,13:48:22.031000,2859.0000,0.0000,19.6665,-62.0000,-6.0169,7664.0000,1500.0000
14425,13:48:22.041000,3355.0000,0.0000,19.6665,-48.0000,-5.9501,7625.0000,1500.0000
14433,13:48:22.051000,2550.0000,0.0000,19.6665,-43.0000,-6.1504,7611.0000,1500.0000
14441,13:48:22.061000,3773.0000,0.0000,19.6665,-41.0000,-6.1408,7641.0000,1500.0000
14449,13:48:22.071000,3187.0000,0.0000,19.6665,-39.0000,-5.7785,7613.0000,1500.0000
14457,13:48:22.081000,3675.0000,0.0000,19.6665,-43.0000,-5.7213,7604.0000,1500.0000
14465,13:48:22.091000,2925.0000,0.0000,19.6665,-34.0000,-6.2743,7627.0000,1500.0000
14473,13:48:22.101000,2519.0000,0.0000,19.6665,-31.0000,-6.7702,7604.0000,1500.0000
14481,13:48:22.111000,3214.0000,0.0000,19.6665,-29.0000,-6.4555,7638.0000,1500.0000
14489,13:48:22.121000,2460.0000,0.0000,19.6665,-43.0000,-6.0073,7613.0000,1500.0000
14497,13:48:22.131000,2539.0000,0.0000,19.6665,-60.0000,-5.8929,7609.0000,1500.0000
14505,13:48:22.141000,3019.0000,0.0000,19.6665,-55.0000,-6.3602,7656.0000,1500.0000
14513,13:48:22.151000,2792.0000,0.0000,19.6665,-55.0000,-6.2553,7618.0000,1500.0000
14521,13:48:22.161000,3285.0000,0.0000,19.6665,-53.0000,-5.7022,7614.0000,1500.0000
14529,13:48:22.171000,3484.0000,0.0000,23.5998,-43.0000,-5.5592,7622.0000,1500.0000
14537,13:48:22.181000,2632.0000,0.0000,19.6665,-41.0000,-6.0646,7604.0000,1500.0000
14545,13:48:22.191000,3125.0000,0.0000,19.6665,-36.0000,-6.6176,7622.0000,1500.0000
14553,13:48:22.201000,3238.0000,0.0000,19.6665,-34.0000,-5.9978,7602.0000,1500.0000
14561,13:48:22.211000,3140.0000,0.0000,19.6665,-46.0000,-5.9215,7613.0000,1500.0000
14569,13:48:22.221000,3328.0000,0.0000,15.7332,-48.0000,-5.7594,7625.0000,1500.0000
14577,13:48:22.231000,2753.0000,0.0000,19.6665,-39.0000,-6.1599,7607.0000,1500.0000
14585,13:48:22.241000,2933.0000,0.0000,19.6665,-41.0000,-6.3029,7624.0000,1500.0000
14593,13:48:22.251000,2609.0000,0.0000,19.6665,-46.0000,-5.9311,7641.0000,1500.0000
14601,13:48:22.261000,3773.0000,0.0000,19.6665,-41.0000,-5.4543,7622.0000,1500.0000
14609,13:48:22.271000,3902.0000,0.0000,19.6665,-58.0000,-5.9025,7631.0000,1500.0000
14617,13:48:22.281000,2511.0000,0.0000,19.6665,-27.0000,-6.3697,7637.0000,1500.0000
14625,13:48:22.291000,2558.0000,0.0000,19.6665,-51.0000,-6.3506,7625.0000,1500.0000
14633,13:48:22.301000,2449.0000,0.0000,19.6665,-34.0000,-5.9501,7642.0000,1500.0000
14641,13:48:22.311000,2351.0000,0.0000,19.6665,-34.0000,-5.6927,7609.0000,1500.0000
14649,13:48:22.321000,2292.0000,0.0000,19.6665,-55.0000,-5.9501,7644.0000,1500.0000
14657,13:48:22.331000,2671.0000,0.0000,19.6665,-29.0000,-6.2362,7615.0000,1500.0000
14665,13:48:22.341000,2562.0000,0.0000,19.6665,-27.0000,-5.7117,7627.0000,1500.0000
14673,13:48:22.351000,2570.0000,0.0000,19.6665,-46.0000,-5.5592,7621.0000,1500.0000
14681,13:48:22.361000,2847.0000,0.0000,19.6665,-65.0000,-5.6069,7613.0000,1500.0000
14689,13:48:22.371000,3636.0000,0.0000,19.6665,-17.0000,-6.1885,7621.0000,1500.0000
14697,13:48:22.381000,3234.0000,0.0000,19.6665,-41.0000,-6.4937,7645.0000,1500.0000
14705,13:48:22.391000,2937.0000,0.0000,19.6665,-39.0000,-6.1408,7631.0000,1500.0000
14713,13:48:22.401000,3214.0000,0.0000,23.5998,-60.0000,-5.7785,7625.0000,1500.0000
14721,13:48:22.411000,3265.0000,0.0000,19.6665,-43.0000,-5.8643,7617.0000,1500.0000
14729,13:48:22.421000,3035.0000,0.0000,19.6665,-34.0000,-5.9883,7628.0000,1500.0000
14737,13:48:22.431000,2406.0000,0.0000,19.6665,-58.0000,-5.9215,7618.0000,1500.0000
14745,13:48:22.441000,2511.0000,0.0000,15.7332,-62.0000,-5.5878,7638.0000,1500.0000
14753,13:48:22.451000,2761.0000,0.0000,23.5998,-82.0000,-5.5115,7631.0000,1500.0000
14761,13:48:22.461000,3234.0000,0.0000,19.6665,-46.0000,-6.0455,7622.0000,1500.0000
14769,13:48:22.471000,3531.0000,0.0000,19.6665,-36.0000,-6.5699,7632.0000,1500.0000
14777,13:48:22.481000,3265.0000,0.0000,23.5998,-36.0000,-6.2457,7656.0000,1500.0000
14785,13:48:22.491000,3062.0000,0.0000,19.6665,-43.0000,-5.9787,7655.0000,1500.0000
14793,13:48:22.501000,3156.0000,0.0000,19.6665,-36.0000,-5.7213,7642.0000,1500.0000
14801,13:48:22.511000,2671.0000,0.0000,19.6665,-55.0000,-6.0169,7624.0000,1500.0000
14809,13:48:22.521000,3371.0000,0.0000,23.5998,-29.0000,-5.9025,7701.0000,1500.0000
14817,13:48:22.531000,3308.0000,0.0000,23.5998,-41.0000,-5.8452,7633.0000,1500.0000
14825,13:48:22.541000,3378.0000,0.0000,19.6665,-36.0000,-5.4161,7675.0000,1500.0000
14833,13:48:22.551000,3332.0000,0.0000,19.6665,-55.0000,-5.9406,7637.0000,1500.0000
14841,13:48:22.561000,3281.0000,0.0000,19.6665,-22.0000,-6.4269,7636.0000,1500.0000
14849,13:48:22.571000,3906.0000,0.0000,19.6665,-36.0000,-6.3602,7643.0000,1500.0000
14857,13:48:22.581000,3195.0000,0.0000,19.6665,-41.0000,-5.9406,7656.0000,1500.0000
14865,13:48:22.591000,3015.0000,0.0000,19.6665,-48.0000,-5.5401,7644.0000,1500.0000
14873,13:48:22.601000,3585.0000,0.0000,19.6665,-17.0000,-5.8929,7677.0000,1500.0000
14881,13:48:22.611000,3148.0000,0.0000,19.6665,-27.0000,-6.1122,7677.0000,1500.0000
14889,13:48:22.621000,3121.0000,0.0000,19.6665,-31.0000,-5.6736,7652.0000,1500.0000
14897,13:48:22.631000,3250.0000,0.0000,19.6665,-60.0000,-5.7308,7643.0000,1500.0000
14905,13:48:22.641000,3238.0000,0.0000,19.6665,-48.0000,-5.8452,7665.0000,1500.0000
14913,13:48:22.651000,2832.0000,0.0000,15.7332,-41.0000,-6.5223,7646.0000,1500.0000
14921,13:48:22.661000,3171.0000,0.0000,23.5998,-34.0000,-6.4937,7672.0000,1500.0000
14929,13:48:22.671000,2656.0000,0.0000,19.6665,-43.0000,-6.1218,7648.0000,1500.0000
14937,13:48:22.681000,3265.0000,0.0000,19.6665,-48.0000,-5.7404,7679.0000,1500.0000
14945,13:48:22.691000,3589.0000,0.0000,19.6665,-43.0000,-5.8834,7654.0000,1500.0000
14953,13:48:22.701000,4101.0000,0.0000,19.6665,-53.0000,-6.2267,7651.0000,1500.0000
14961,13:48:22.711000,2414.0000,0.0000,19.6665,-36.0000,-5.8738,7668.0000,1500.0000
14969,13:48:22.721000,2593.0000,0.0000,19.6665,-60.0000,-5.6736,7670.0000,1500.0000
14977,13:48:22.731000,3609.0000,0.0000,19.6665,-15.0000,-5.6069,7651.0000,1500.0000
14985,13:48:22.741000,3707.0000,0.0000,19.6665,-20.0000,-5.9311,7687.0000,1500.0000
14993,13:48:22.751000,2804.0000,0.0000,19.6665,-48.0000,-6.3029,7665.0000,1500.0000
15001,13:48:22.761000,3644.0000,0.0000,19.6665,-41.0000,-6.3029,7695.0000,1500.0000
15009,13:48:22.771000,2183.0000,0.0000,19.6665,-48.0000,-5.9978,7731.0000,1500.0000
15017,13:48:22.781000,3195.0000,0.0000,19.6665,-55.0000,-5.7976,7658.0000,1500.0000
15025,13:48:22.791000,2949.0000,0.0000,19.6665,-43.0000,-6.2171,7696.0000,1500.0000
15033,13:48:22.801000,3085.0000,0.0000,19.6665,-51.0000,-6.1122,7695.0000,1500.0000
15041,13:48:22.811000,2628.0000,0.0000,19.6665,-48.0000,-5.6927,7666.0000,1500.0000
15049,13:48:22.821000,3339.0000,0.0000,23.5998,-41.0000,-5.5878,7672.0000,1500.0000
15057,13:48:22.831000,3195.0000,0.0000,19.6665,-36.0000,-5.7022,7694.0000,1500.0000
15065,13:48:22.841000,2988.0000,0.0000,19.6665,-27.0000,-6.1694,7693.0000,1500.0000
15073,13:48:22.851000,3203.0000,0.0000,19.6665,-39.0000,-6.2267,7692.0000,1500.0000
15081,13:48:22.861000,3160.0000,0.0000,19.6665,-17.0000,-6.0550,7694.0000,1500.0000
15089,13:48:22.871000,2531.0000,0.0000,19.6665,-60.0000,-5.8834,7675.0000,1500.0000
15097,13:48:22.881000,3289.0000,0.0000,19.6665,-53.0000,-6.1694,7693.0000,1500.0000
15105,13:48:22.891000,3097.0000,0.0000,19.6665,-55.0000,-6.2934,7705.0000,1500.0000
15113,13:48:22.901000,2738.0000,0.0000,19.6665,-43.0000,-5.7308,7665.0000,1500.0000
15121,13:48:22.911000,2992.0000,0.0000,19.6665,-43.0000,-5.3208,7707.0000,1500.0000
15129,13:48:22.921000,3429.0000,0.0000,19.6665,-48.0000,-5.7213,7706.0000,1500.0000
15137,13:48:22.931000,3019.0000,0.0000,19.6665,-36.0000,-6.4174,7687.0000,1500.0000
15145,13:48:22.941000,3109.0000,0.0000,19.6665,-34.0000,-6.6653,7679.0000,1500.0000
15153,13:48:22.951000,3191.0000,0.0000,23.5998,-48.0000,-6.5127,7661.0000,1500.0000
15161,13:48:22.961000,2503.0000,0.0000,19.6665,-36.0000,-6.0360,7702.0000,1500.0000
15169,13:48:22.971000,2441.0000,0.0000,19.6665,-34.0000,-6.3029,7700.0000,1500.0000
15177,13:48:22.981000,3902.0000,0.0000,19.6665,-58.0000,-6.3220,7669.0000,1500.0000
15185,13:48:22.991000,3230.0000,0.0000,19.6665,-43.0000,-5.9501,7707.0000,1500.0000
15193,13:48:23.001000,2906.0000,0.0000,19.6665,-51.0000,-5.7594,7672.0000,1500.0000
15201,13:48:23.011000,3339.0000,0.0000,19.6665,-34.0000,-5.9978,7686.0000,1500.0000
15209,13:48:23.021000,3449.0000,0.0000,19.6665,-20.0000,-6.6462,7673.0000,1500.0000
15217,13:48:23.031000,3488.0000,0.0000,19.6665,-46.0000,-6.7225,7670.0000,1500.0000
15225,13:48:23.041000,2734.0000,0.0000,19.6665,-41.0000,-6.0836,7670.0000,1500.0000
15233,13:48:23.051000,3011.0000,0.0000,19.6665,-36.0000,-5.8929,7676.0000,1500.0000
15241,13:48:23.061000,3375.0000,0.0000,15.7332,-31.0000,-6.0360,7710.0000,1500.0000
15249,13:48:23.071000,2796.0000,0.0000,19.6665,-43.0000,-6.4460,7700.0000,1500.0000
15257,13:48:23.081000,3003.0000,0.0000,19.6665,-48.0000,-5.9025,7684.0000,1500.0000
15265,13:48:23.091000,2535.0000,0.0000,19.6665,-39.0000,-5.6641,7703.0000,1500.0000
15273,13:48:23.101000,2542.0000,0.0000,19.6665,-41.0000,-5.6831,7672.0000,1500.0000
15281,13:48:23.111000,2371.0000,0.0000,19.6665,-36.0000,-6.3792,7670.0000,1500.0000
15289,13:48:23.121000,3152.0000,0.0000,19.6665,-46.0000,-6.3792,7670.0000,1500.0000
15297,13:48:23.131000,2968.0000,0.0000,23.5998,-55.0000,-6.2839,7697.0000,1500.0000
15305,13:48:23.141000,3757.0000,0.0000,19.6665,-22.0000,-5.6355,7685.0000,1500.0000
15313,13:48:23.151000,3156.0000,0.0000,19.6665,-41.0000,-5.7499,7678.0000,1500.0000
15321,13:48:23.161000,3171.0000,0.0000,19.6665,-60.0000,-5.9120,7670.0000,1500.0000
15329,13:48:23.171000,2250.0000,0.0000,19.6665,-29.0000,-5.7785,7679.0000,1500.0000
15337,13:48:23.181000,3035.0000,0.0000,23.5998,-24.0000,-5.4543,7678.0000,1500.0000
15345,13:48:23.191000,3121.0000,0.0000,19.6665,-39.0000,-5.6069,7686.0000,1500.0000
15353,13:48:23.201000,3199.0000,0.0000,19.6665,-46.0000,-5.9978,7683.0000,1500.0000
15361,13:48:23.211000,3933.0000,0.0000,19.6665,-53.0000,-6.5127,7707.0000,1500.0000
15369,13:48:23.221000,2578.0000,0.0000,19.6665,-43.0000,-6.0360,7700.0000,1500.0000
15377,13:48:23.231000,2468.0000,0.0000,19.6665,-39.0000,-5.7976,7673.0000,1500.0000
15385,13:48:23.241000,3703.0000,0.0000,19.6665,-43.0000,-5.5973,7676.0000,1500.0000
15393,13:48:23.251000,3125.0000,0.0000,19.6665,-31.0000,-5.9501,7680.0000,1500.0000
15401,13:48:23.261000,2578.0000,0.0000,19.6665,-27.0000,-6.0455,7679.0000,1500.0000
15409,13:48:23.271000,2535.0000,0.0000,19.6665,-51.0000,-5.8548,7718.0000,1500.0000
15417,13:48:23.281000,2238.0000,0.0000,19.6665,-55.0000,-5.4257,7699.0000,1500.0000
15425,13:48:23.291000,3035.0000,0.0000,19.6665,-53.0000,-5.7117,7675.0000,1500.0000
15433,13:48:23.301000,2695.0000,0.0000,23.5998,-24.0000,-6.5127,7692.0000,1500.0000
15441,13:48:23.311000,2925.0000,0.0000,19.6665,-22.0000,-6.5985,7691.0000,1500.0000
15449,13:48:23.321000,2527.0000,0.0000,19.6665,-48.0000,-6.2076,7733.0000,1500.0000
15457,13:48:23.331000,2351.0000,0.0000,19.6665,-51.0000,-5.9311,7669.0000,1500.0000
15465,13:48:23.341000,2335.0000,0.0000,19.6665,-41.0000,-6.0264,7684.0000,1500.0000
15473,13:48:23.351000,2996.0000,0.0000,23.5998,-51.0000,-6.1218,7687.0000,1500.0000
15481,13:48:23.361000,2906.0000,0.0000,19.6665,-34.0000,-6.0455,7696.0000,1500.0000
15489,13:48:23.371000,3617.0000,0.0000,19.6665,-41.0000,-5.5687,7691.0000,1500.0000
15497,13:48:23.381000,2667.0000,0.0000,15.7332,-43.0000,-5.8738,7693.0000,1500.0000
15505,13:48:23.391000,2035.0000,0.0000,19.6665,-36.0000,-6.3316,7717.0000,1500.0000
15513,13:48:23.401000,2691.0000,0.0000,19.6665,-17.0000,-6.5985,7717.0000,1500.0000
15521,13:48:23.411000,2898.0000,0.0000,23.5998,-31.0000,-6.2076,7715.0000,1500.0000
15529,13:48:23.421000,2421.0000,0.0000,19.6665,-60.0000,-5.6927,7715.0000,1500.0000
15537,13:48:23.431000,3046.0000,0.0000,23.5998,-46.0000,-6.1027,7673.0000,1500.0000
15545,13:48:23.441000,2613.0000,0.0000,19.6665,-58.0000,-6.0932,7707.0000,1500.0000
15553,13:48:23.451000,2082.0000,0.0000,15.7332,-46.0000,-5.6355,7699.0000,1500.0000
15561,13:48:23.461000,2605.0000,0.0000,19.6665,-39.0000,-5.5401,7729.0000,1500.0000
15569,13:48:23.471000,3296.0000,0.0000,15.7332,-48.0000,-5.5210,7690.0000,1500.0000
15577,13:48:23.481000,2808.0000,0.0000,19.6665,-48.0000,-6.0073,7691.0000,1500.0000
15585,13:48:23.491000,2550.0000,0.0000,19.6665,-24.0000,-6.6272,7726.0000,1500.0000
15593,13:48:23.501000,2816.0000,0.0000,15.7332,-36.0000,-6.2171,7730.0000,1500.0000
15601,13:48:23.511000,2890.0000,0.0000,15.7332,-31.0000,-5.8929,7710.0000,1500.0000
15609,13:48:23.521000,2308.0000,0.0000,19.6665,-41.0000,-5.5878,7701.0000,1500.0000
15617,13:48:23.531000,2414.0000,0.0000,19.6665,-43.0000,-5.9978,7709.0000,1500.0000
15625,13:48:23.541000,3621.0000,0.0000,23.5998,-36.0000,-5.9883,7735.0000,1500.0000
15633,13:48:23.551000,2625.0000,0.0000,19.6665,-29.0000,-5.8929,7707.0000,1500.0000
15641,13:48:23.561000,2300.0000,0.0000,19.6665,-58.0000,-5.3685,7731.0000,1500.0000
15649,13:48:23.571000,2695.0000,0.0000,19.6665,-31.0000,-5.8548,7710.0000,1500.0000
15657,13:48:23.581000,2601.0000,0.0000,19.6665,-74.0000,-6.6653,7723.0000,1500.0000
15665,13:48:23.591000,2765.0000,0.0000,19.6665,-15.0000,-6.3125,7735.0000,1500.0000
15673,13:48:23.601000,2941.0000,0.0000,19.6665,-41.0000,-6.1599,7745.0000,1500.0000
15681,13:48:23.611000,2476.0000,0.0000,19.6665,-39.0000,-5.8834,7706.0000,1500.0000
15689,13:48:23.621000,2488.0000,0.0000,15.7332,-39.0000,-6.2267,7752.0000,1500.0000
15697,13:48:23.631000,2636.0000,0.0000,19.6665,-48.0000,-6.2362,7693.0000,1500.0000
15705,13:48:23.641000,2601.0000,0.0000,19.6665,-43.0000,-6.0836,7741.0000,1500.0000
15713,13:48:23.651000,2148.0000,0.0000,19.6665,-41.0000,-5.6164,7739.0000,1500.0000
15721,13:48:23.661000,2863.0000,0.0000,19.6665,-20.0000,-5.9978,7718.0000,1500.0000
15729,13:48:23.671000,2136.0000,0.0000,19.6665,-39.0000,-6.2839,7707.0000,1500.0000
15737,13:48:23.681000,2234.0000,0.0000,19.6665,-39.0000,-6.3029,7692.0000,1500.0000
15745,13:48:23.691000,3093.0000,0.0000,19.6665,-46.0000,-5.9978,7712.0000,1500.0000
15753,13:48:23.701000,2246.0000,0.0000,19.6665,-39.0000,-5.6736,7745.0000,1500.0000
15761,13:48:23.711000,2425.0000,0.0000,19.6665,-51.0000,-5.9501,7737.0000,1500.0000
15769,13:48:23.721000,2449.0000,0.0000,19.6665,-24.0000,-6.3506,7709.0000,1500.0000
15777,13:48:23.731000,2582.0000,0.0000,15.7332,-41.0000,-5.8929,7695.0000,1500.0000
15785,13:48:23.741000,2328.0000,0.0000,19.6665,-34.0000,-5.6450,7742.0000,1500.0000
15793,13:48:23.751000,3156.0000,0.0000,23.5998,-60.0000,-5.7022,7713.0000,1500.0000
15801,13:48:23.761000,3007.0000,0.0000,19.6665,-34.0000,-6.2171,7743.0000,1500.0000
15809,13:48:23.771000,2187.0000,0.0000,23.5998,-36.0000,-6.5985,7712.0000,1500.0000
15817,13:48:23.781000,2378.0000,0.0000,19.6665,-36.0000,-5.9120,7717.0000,1500.0000
15825,13:48:23.791000,2179.0000,0.0000,19.6665,-41.0000,-5.7594,7741.0000,1500.0000
15833,13:48:23.801000,2812.0000,0.0000,19.6665,-43.0000,-5.8643,7718.0000,1500.0000
15841,13:48:23.811000,2453.0000,0.0000,19.6665,-51.0000,-6.2648,7769.0000,1500.0000
15849,13:48:23.821000,2675.0000,0.0000,19.6665,-48.0000,-6.0741,7719.0000,1500.0000
15857,13:48:23.831000,2394.0000,0.0000,19.6665,-46.0000,-5.5687,7750.0000,1500.0000
15865,13:48:23.841000,2968.0000,0.0000,15.7332,-53.0000,-5.7308,7750.0000,1500.0000
15873,13:48:23.851000,2519.0000,0.0000,19.6665,-48.0000,-6.0455,7728.0000,1500.0000
15881,13:48:23.861000,3039.0000,0.0000,19.6665,-17.0000,-6.6367,7735.0000,1500.0000
15889,13:48:23.871000,2921.0000,0.0000,23.5998,-51.0000,-6.3983,7773.0000,1500.0000
15897,13:48:23.881000,3082.0000,0.0000,19.6665,-34.0000,-5.9215,7748.0000,1500.0000
15905,13:48:23.891000,3828.0000,0.0000,19.6665,-48.0000,-5.7499,7761.0000,1500.0000
15913,13:48:23.901000,2300.0000,0.0000,19.6665,-51.0000,-6.3506,7735.0000,1500.0000
15921,13:48:23.911000,2773.0000,0.0000,19.6665,-31.0000,-6.2076,7748.0000,1500.0000
15929,13:48:23.921000,2914.0000,0.0000,19.6665,-43.0000,-5.7594,7748.0000,1500.0000
15937,13:48:23.931000,2976.0000,0.0000,19.6665,-48.0000,-5.7690,7738.0000,1500.0000
15945,13:48:23.941000,2191.0000,0.0000,19.6665,-31.0000,-6.2553,7739.0000,1500.0000
15953,13:48:23.951000,2328.0000,0.0000,19.6665,-27.0000,-6.6748,7745.0000,1500.0000
15961,13:48:23.961000,3070.0000,0.0000,19.6665,-39.0000,-6.3983,7748.0000,1500.0000
15969,13:48:23.971000,2855.0000,0.0000,23.5998,-20.0000,-5.7499,7758.0000,1500.0000
15977,13:48:23.981000,3226.0000,0.0000,19.6665,-34.0000,-5.6736,7787.0000,1500.0000
15985,13:48:23.991000,2929.0000,0.0000,19.6665,-10.0000,-6.3411,7731.0000,1500.0000
15993,13:48:24.001000,2613.0000,0.0000,19.6665,-36.0000,-6.0169,7767.0000,1500.0000
16001,13:48:24.011000,2894.0000,0.0000,19.6665,-41.0000,-5.7022,7756.0000,1500.0000
16009,13:48:24.021000,2378.0000,0.0000,19.6665,-39.0000,-5.5210,7779.0000,1500.0000
16017,13:48:24.031000,3386.0000,0.0000,19.6665,-60.0000,-5.9597,7760.0000,1500.0000
16025,13:48:24.041000,2675.0000,0.0000,19.6665,-29.0000,-6.4364,7774.0000,1500.0000
16033,13:48:24.051000,3601.0000,0.0000,19.6665,-48.0000,-6.3125,7743.0000,1500.0000
16041,13:48:24.061000,2886.0000,0.0000,19.6665,-46.0000,-6.0169,7790.0000,1500.0000
16049,13:48:24.071000,2871.0000,0.0000,19.6665,-36.0000,-5.6069,7795.0000,1500.0000
16057,13:48:24.081000,3125.0000,0.0000,19.6665,-36.0000,-5.8071,7783.0000,1500.0000
16065,13:48:24.091000,2761.0000,0.0000,23.5998,-34.0000,-6.0836,7777.0000,1500.0000
16073,13:48:24.101000,3074.0000,0.0000,19.6665,-48.0000,-5.8357,7776.0000,1500.0000
16081,13:48:24.111000,2945.0000,0.0000,19.6665,-43.0000,-5.4734,7822.0000,1500.0000
16089,13:48:24.121000,2640.0000,0.0000,19.6665,-53.0000,-5.6736,7792.0000,1500.0000
16097,13:48:24.131000,2714.0000,0.0000,19.6665,-60.0000,-6.3697,7777.0000,1500.0000
16105,13:48:24.141000,2929.0000,0.0000,19.6665,-29.0000,-6.5890,7814.0000,1500.0000
16113,13:48:24.151000,3093.0000,0.0000,19.6665,-24.0000,-6.1981,7794.0000,1500.0000
16121,13:48:24.161000,3113.0000,0.0000,19.6665,-41.0000,-5.7785,7788.0000,1500.0000
16129,13:48:24.171000,2968.0000,0.0000,19.6665,-34.0000,-6.0836,7799.0000,1500.0000
16137,13:48:24.181000,2890.0000,0.0000,15.7332,-24.0000,-6.3125,7786.0000,1500.0000
16145,13:48:24.191000,3453.0000,0.0000,23.5998,-39.0000,-6.0550,7823.0000,1500.0000
16153,13:48:24.201000,3121.0000,0.0000,19.6665,-51.0000,-5.4257,7817.0000,1500.0000
16161,13:48:24.211000,3058.0000,0.0000,19.6665,-41.0000,-5.5306,7804.0000,1500.0000
16169,13:48:24.221000,3109.0000,0.0000,19.6665,-27.0000,-6.1122,7847.0000,1500.0000
16177,13:48:24.231000,2535.0000,0.0000,19.6665,-29.0000,-6.7320,7796.0000,1500.0000
16185,13:48:24.241000,3644.0000,0.0000,19.6665,-39.0000,-6.2267,7805.0000,1500.0000
16193,13:48:24.251000,3792.0000,0.0000,19.6665,-29.0000,-5.9597,7821.0000,1500.0000
16201,13:48:24.261000,3175.0000,0.0000,19.6665,-41.0000,-6.0741,7821.0000,1500.0000
16209,13:48:24.271000,3085.0000,0.0000,19.6665,-51.0000,-5.8643,7817.0000,1500.0000
16217,13:48:24.281000,2773.0000,0.0000,19.6665,-51.0000,-5.8548,7810.0000,1500.0000
16225,13:48:24.291000,3019.0000,0.0000,15.7332,-58.0000,-5.4257,7811.0000,1500.0000
16233,13:48:24.301000,3316.0000,0.0000,19.6665,-43.0000,-5.5210,7816.0000,1500.0000
16241,13:48:24.311000,2449.0000,0.0000,19.6665,-43.0000,-5.8929,7811.0000,1500.0000
16249,13:48:24.321000,2933.0000,0.0000,19.6665,-36.0000,-6.5509,7834.0000,1500.0000
16257,13:48:24.331000,2800.0000,0.0000,19.6665,-31.0000,-6.5413,7802.0000,1500.0000
16265,13:48:24.341000,3128.0000,0.0000,19.6665,-48.0000,-5.7976,7823.0000,1500.0000
16273,13:48:24.351000,2972.0000,0.0000,19.6665,-62.0000,-5.6736,7846.0000,1500.0000
16281,13:48:24.361000,2808.0000,0.0000,19.6665,-31.0000,-5.9501,7861.0000,1500.0000
16289,13:48:24.371000,3015.0000,0.0000,19.6665,-39.0000,-5.6545,7857.0000,1500.0000
16297,13:48:24.381000,2488.0000,0.0000,23.5998,-27.0000,-5.3971,7845.0000,1500.0000
16305,13:48:24.391000,3117.0000,0.0000,19.6665,-43.0000,-5.4257,7846.0000,1500.0000
16313,13:48:24.401000,3367.0000,0.0000,19.6665,-34.0000,-5.6736,7838.0000,1500.0000
16321,13:48:24.411000,2441.0000,0.0000,19.6665,-51.0000,-6.4269,7838.0000,1500.0000
16329,13:48:24.421000,3156.0000,0.0000,19.6665,-43.0000,-6.5032,7881.0000,1500.0000
16337,13:48:24.431000,3191.0000,0.0000,19.6665,-60.0000,-6.2171,7843.0000,1500.0000
16345,13:48:24.441000,3031.0000,0.0000,19.6665,-36.0000,-5.5878,7827.0000,1500.0000
16353,13:48:24.451000,3253.0000,0.0000,19.6665,-41.0000,-5.5973,7843.0000,1500.0000
16361,13:48:24.461000,3046.0000,0.0000,23.5998,-39.0000,-5.9501,7847.0000,1500.0000
16369,13:48:24.471000,3250.0000,0.0000,19.6665,-46.0000,-5.6450,7869.0000,1500.0000
16377,13:48:24.481000,2082.0000,0.0000,19.6665,-43.0000,-5.8166,7824.0000,1500.0000
16385,13:48:24.491000,3046.0000,0.0000,19.6665,-55.0000,-5.8262,7869.0000,1500.0000
16393,13:48:24.501000,3785.0000,0.0000,19.6665,-39.0000,-6.3506,7850.0000,1500.0000
16401,13:48:24.511000,3289.0000,0.0000,19.6665,-22.0000,-6.8083,7828.0000,1500.0000
16409,13:48:24.521000,2796.0000,0.0000,19.6665,-39.0000,-6.2648,7850.0000,1500.0000
16417,13:48:24.531000,2957.0000,0.0000,19.6665,-22.0000,-5.8262,7844.0000,1500.0000
16425,13:48:24.541000,3136.0000,0.0000,23.5998,-31.0000,-5.7976,7826.0000,1500.0000
16433,13:48:24.551000,3078.0000,0.0000,19.6665,-36.0000,-6.5032,7875.0000,1500.0000
16441,13:48:24.561000,3445.0000,0.0000,19.6665,-17.0000,-6.1408,7836.0000,1500.0000
16449,13:48:24.571000,2917.0000,0.0000,19.6665,-31.0000,-6.1313,7845.0000,1500.0000
16457,13:48:24.581000,1843.0000,0.0000,23.5998,-62.0000,-5.7022,7858.0000,1500.0000
16465,13:48:24.591000,2785.0000,0.0000,23.5998,-27.0000,-6.2839,7855.0000,1500.0000
16473,13:48:24.601000,2910.0000,0.0000,19.6665,-20.0000,-6.6939,7852.0000,1500.0000
16481,13:48:24.611000,3066.0000,0.0000,23.5998,-27.0000,-6.4269,7874.0000,1500.0000
16489,13:48:24.621000,3222.0000,0.0000,19.6665,-39.0000,-6.1408,7859.0000,1500.0000
16497,13:48:24.631000,2460.0000,0.0000,23.5998,-34.0000,-5.8548,7850.0000,1500.0000
16505,13:48:24.641000,1910.0000,0.0000,23.5998,-17.0000,-6.1122,7875.0000,1500.0000
16513,13:48:24.651000,2785.0000,0.0000,19.6665,-46.0000,-6.0455,7860.0000,1500.0000
16521,13:48:24.661000,3050.0000,0.0000,19.6665,-34.0000,-5.5210,7897.0000,1500.0000
16529,13:48:24.671000,2750.0000,0.0000,19.6665,-46.0000,-5.4829,7887.0000,1500.0000
16537,13:48:24.681000,2125.0000,0.0000,19.6665,-43.0000,-5.8452,7862.0000,1500.0000
16545,13:48:24.691000,2652.0000,0.0000,19.6665,-27.0000,-6.5699,7867.0000,1500.0000
16553,13:48:24.701000,2324.0000,0.0000,19.6665,-36.0000,-6.1981,7867.0000,1500.0000
16561,13:48:24.711000,2980.0000,0.0000,19.6665,-34.0000,-5.9787,7870.0000,1500.0000
16569,13:48:24.721000,2902.0000,0.0000,19.6665,-41.0000,-5.9025,7904.0000,1500.0000
16577,13:48:24.731000,2898.0000,0.0000,19.6665,-46.0000,-6.2267,7882.0000,1500.0000
16585,13:48:24.741000,3136.0000,0.0000,19.6665,-34.0000,-6.1599,7874.0000,1500.0000
16593,13:48:24.751000,2601.0000,0.0000,19.6665,-36.0000,-5.6450,7905.0000,1500.0000
16601,13:48:24.761000,3089.0000,0.0000,19.6665,-43.0000,-5.4257,7876.0000,1500.0000
16609,13:48:24.771000,2960.0000,0.0000,19.6665,-27.0000,-5.6450,7921.0000,1500.0000
16617,13:48:24.781000,3238.0000,0.0000,19.6665,-29.0000,-6.3506,7884.0000,1500.0000
16625,13:48:24.791000,2738.0000,0.0000,19.6665,-43.0000,-6.4650,7883.0000,1500.0000
16633,13:48:24.801000,2855.0000,0.0000,19.6665,-12.0000,-5.9597,7902.0000,1500.0000
16641,13:48:24.811000,2507.0000,0.0000,19.6665,-34.0000,-5.5020,7910.0000,1500.0000
16649,13:48:24.821000,2699.0000,0.0000,19.6665,-12.0000,-5.8548,7933.0000,1500.0000
16657,13:48:24.831000,2640.0000,0.0000,19.6665,-41.0000,-6.2648,7897.0000,1500.0000
16665,13:48:24.841000,2835.0000,0.0000,19.6665,-43.0000,-5.7785,7884.0000,1500.0000
16673,13:48:24.851000,2750.0000,0.0000,19.6665,-55.0000,-5.5783,7939.0000,1500.0000
16681,13:48:24.861000,3062.0000,0.0000,19.6665,-31.0000,-5.6831,7887.0000,1500.0000
16689,13:48:24.871000,2894.0000,0.0000,23.5998,-17.0000,-6.2553,7908.0000,1500.0000
16697,13:48:24.881000,3089.0000,0.0000,19.6665,-27.0000,-6.4937,7904.0000,1500.0000
16705,13:48:24.891000,3023.0000,0.0000,19.6665,-29.0000,-6.3029,7893.0000,1500.0000
16713,13:48:24.901000,2683.0000,0.0000,19.6665,-46.0000,-5.8548,7908.0000,1500.0000
16721,13:48:24.911000,3203.0000,0.0000,19.6665,-34.0000,-5.7308,7903.0000,1500.0000
16729,13:48:24.921000,2906.0000,0.0000,19.6665,-41.0000,-6.0932,7939.0000,1500.0000
16737,13:48:24.931000,3285.0000,0.0000,19.6665,-27.0000,-5.8548,7930.0000,1500.0000
16745,13:48:24.941000,3132.0000,0.0000,19.6665,-22.0000,-5.7690,7896.0000,1500.0000
16753,13:48:24.951000,2878.0000,0.0000,19.6665,-55.0000,-5.6355,7899.0000,1500.0000
16761,13:48:24.961000,3175.0000,0.0000,19.6665,-29.0000,-6.1218,7918.0000,1500.0000
16769,13:48:24.971000,3109.0000,0.0000,23.5998,-20.0000,-6.5604,7923.0000,1500.0000
16777,13:48:24.981000,3378.0000,0.0000,19.6665,-29.0000,-6.4078,7913.0000,1500.0000
16785,13:48:24.991000,3148.0000,0.0000,19.6665,-39.0000,-5.9597,7906.0000,1500.0000
16793,13:48:25.001000,3289.0000,0.0000,19.6665,-34.0000,-5.6831,7905.0000,1500.0000
16801,13:48:25.011000,2984.0000,0.0000,19.6665,-31.0000,-6.1694,7905.0000,1500.0000
16809,13:48:25.021000,2929.0000,0.0000,19.6665,-31.0000,-6.1790,7934.0000,1500.0000
16817,13:48:25.031000,3171.0000,0.0000,19.6665,-39.0000,-5.7594,7904.0000,1500.0000
16825,13:48:25.041000,3113.0000,0.0000,19.6665,-51.0000,-5.4924,7946.0000,1500.0000
16833,13:48:25.051000,3132.0000,0.0000,19.6665,-31.0000,-5.8548,7941.0000,1500.0000
16841,13:48:25.061000,3183.0000,0.0000,19.6665,-46.0000,-6.5604,7904.0000,1500.0000
16849,13:48:25.071000,3437.0000,0.0000,19.6665,-17.0000,-6.2076,7932.0000,1500.0000
16857,13:48:25.081000,3742.0000,0.0000,19.6665,-24.0000,-5.8262,7943.0000,1500.0000
16865,13:48:25.091000,3441.0000,0.0000,23.5998,-41.0000,-5.7499,7868.0000,1500.0000
16873,13:48:25.101000,3152.0000,0.0000,19.6665,-55.0000,-5.8357,7938.0000,1500.0000
16881,13:48:25.111000,3398.0000,0.0000,19.6665,-39.0000,-6.1408,7942.0000,1500.0000
16889,13:48:25.121000,3511.0000,0.0000,19.6665,-39.0000,-5.9120,7932.0000,1500.0000
16897,13:48:25.131000,3320.0000,0.0000,15.7332,-48.0000,-5.4638,7928.0000,1500.0000
16905,13:48:25.141000,2652.0000,0.0000,19.6665,-39.0000,-5.6736,7916.0000,1500.0000
16913,13:48:25.151000,3406.0000,0.0000,19.6665,-36.0000,-6.3697,7979.0000,1500.0000
16921,13:48:25.161000,3476.0000,0.0000,19.6665,-31.0000,-6.4650,7949.0000,1500.0000
16929,13:48:25.171000,4000.0000,0.0000,19.6665,-36.0000,-6.2743,7939.0000,1500.0000
16937,13:48:25.181000,3539.0000,0.0000,19.6665,-36.0000,-5.8166,7932.0000,1500.0000
16945,13:48:25.191000,3476.0000,0.0000,19.6665,-29.0000,-5.8452,7929.0000,1500.0000
16953,13:48:25.201000,2667.0000,0.0000,23.5998,-39.0000,-6.0360,7968.0000,1500.0000
16961,13:48:25.211000,3457.0000,0.0000,19.6665,-58.0000,-5.8452,7920.0000,1500.0000
16969,13:48:25.221000,3605.0000,0.0000,19.6665,-58.0000,-5.5210,7974.0000,1500.0000
16977,13:48:25.231000,3207.0000,0.0000,19.6665,-55.0000,-5.5306,7967.0000,1500.0000
16985,13:48:25.241000,3156.0000,0.0000,19.6665,-48.0000,-5.7404,7934.0000,1500.0000
16993,13:48:25.251000,3496.0000,0.0000,19.6665,-41.0000,-6.6367,7942.0000,1500.0000
17001,13:48:25.261000,3371.0000,0.0000,19.6665,-58.0000,-6.2362,7962.0000,1500.0000
17009,13:48:25.271000,3250.0000,0.0000,19.6665,-53.0000,-5.7976,7958.0000,1500.0000
17017,13:48:25.281000,3550.0000,0.0000,23.5998,-34.0000,-5.8262,7941.0000,1500.0000
17025,13:48:25.291000,4304.0000,0.0000,19.6665,-27.0000,-6.0073,7977.0000,1500.0000
17033,13:48:25.301000,3437.0000,0.0000,19.6665,-31.0000,-5.6355,7982.0000,1500.0000
17041,13:48:25.311000,3117.0000,0.0000,19.6665,-43.0000,-5.4161,7944.0000,1500.0000
17049,13:48:25.321000,3582.0000,0.0000,19.6665,-39.0000,-5.3208,7962.0000,1500.0000
17057,13:48:25.331000,3218.0000,0.0000,19.6665,-53.0000,-5.6069,7954.0000,1500.0000
17065,13:48:25.341000,3742.0000,0.0000,19.6665,-43.0000,-6.3316,7977.0000,1500.0000
17073,13:48:25.351000,4152.0000,0.0000,19.6665,-39.0000,-6.3316,7956.0000,1500.0000
17081,13:48:25.361000,3960.0000,0.0000,15.7332,-43.0000,-5.9120,7955.0000,1500.0000
17089,13:48:25.371000,3812.0000,0.0000,19.6665,-36.0000,-5.6355,7984.0000,1500.0000
17097,13:48:25.381000,3503.0000,0.0000,19.6665,-34.0000,-5.7117,7984.0000,1500.0000
17105,13:48:25.391000,3750.0000,0.0000,19.6665,-51.0000,-6.2743,7962.0000,1500.0000
17113,13:48:25.401000,4265.0000,0.0000,19.6665,-53.0000,-5.9025,7987.0000,1500.0000
17121,13:48:25.411000,3855.0000,0.0000,19.6665,-29.0000,-5.7022,7952.0000,1500.0000
17129,13:48:25.421000,3597.0000,0.0000,19.6665,-31.0000,-6.0455,7965.0000,1500.0000
17137,13:48:25.431000,3988.0000,0.0000,19.6665,-34.0000,-6.7416,7963.0000,1500.0000
17145,13:48:25.441000,3492.0000,0.0000,23.5998,-31.0000,-6.8465,7989.0000,1500.0000
17153,13:48:25.451000,4171.0000,0.0000,19.6665,-31.0000,-6.3602,7962.0000,1500.0000
17161,13:48:25.461000,3832.0000,0.0000,19.6665,-24.0000,-5.9787,7977.0000,1500.0000
17169,13:48:25.471000,3476.0000,0.0000,19.6665,-41.0000,-6.0836,7980.0000,1500.0000
17177,13:48:25.481000,3699.0000,0.0000,19.6665,-31.0000,-6.3697,7989.0000,1500.0000
17185,13:48:25.491000,3484.0000,0.0000,19.6665,-48.0000,-6.0741,7959.0000,1500.0000
17193,13:48:25.501000,3488.0000,0.0000,19.6665,-41.0000,-5.7880,7969.0000,1500.0000
17201,13:48:25.511000,3773.0000,0.0000,19.6665,-34.0000,-5.7308,7965.0000,1500.0000
17209,13:48:25.521000,3660.0000,0.0000,19.6665,-22.0000,-6.5890,7976.0000,1500.0000
17217,13:48:25.531000,3910.0000,0.0000,19.6665,-39.0000,-6.4841,7982.0000,1500.0000
17225,13:48:25.541000,3734.0000,0.0000,23.5998,-41.0000,-6.2934,7967.0000,1500.0000
17233,13:48:25.551000,4058.0000,0.0000,19.6665,-31.0000,-5.7308,8002.0000,1500.0000
17241,13:48:25.561000,2984.0000,0.0000,19.6665,-31.0000,-5.9311,7996.0000,1500.0000
17249,13:48:25.571000,3546.0000,0.0000,19.6665,-24.0000,-6.3029,7987.0000,1500.0000
17257,13:48:25.581000,2804.0000,0.0000,19.6665,-41.0000,-5.8929,7961.0000,1500.0000
17265,13:48:25.591000,3121.0000,0.0000,19.6665,-39.0000,-5.6450,7976.0000,1500.0000
17273,13:48:25.601000,3546.0000,0.0000,19.6665,-41.0000,-5.7022,8009.0000,1500.0000
17281,13:48:25.611000,3066.0000,0.0000,19.6665,-39.0000,-6.3602,8001.0000,1500.0000
17289,13:48:25.621000,3546.0000,0.0000,19.6665,-24.0000,-6.5604,7994.0000,1500.0000
17297,13:48:25.631000,2917.0000,0.0000,19.6665,-34.0000,-5.9883,7982.0000,1500.0000
17305,13:48:25.641000,2992.0000,0.0000,15.7332,-15.0000,-5.7499,7975.0000,1500.0000
17313,13:48:25.651000,3656.0000,0.0000,19.6665,-53.0000,-5.8262,8009.0000,1500.0000
17321,13:48:25.661000,3890.0000,0.0000,19.6665,-36.0000,-5.9597,7985.0000,1500.0000
17329,13:48:25.671000,3406.0000,0.0000,19.6665,-46.0000,-5.9215,8028.0000,1500.0000
17337,13:48:25.681000,3558.0000,0.0000,19.6665,-27.0000,-5.5687,7994.0000,1500.0000
17345,13:48:25.691000,3296.0000,0.0000,19.6665,-41.0000,-5.4924,7993.0000,1500.0000
17353,13:48:25.701000,3203.0000,0.0000,19.6665,-46.0000,-6.1027,7891.0000,1500.0000
17361,13:48:25.711000,4027.0000,0.0000,23.5998,-43.0000,-6.4460,7999.0000,1500.0000
17369,13:48:25.721000,2824.0000,0.0000,19.6665,-39.0000,-6.3125,7999.0000,1500.0000
17377,13:48:25.731000,2726.0000,0.0000,19.6665,-48.0000,-5.9597,7997.0000,1500.0000
17385,13:48:25.741000,3136.0000,0.0000,19.6665,-27.0000,-5.6927,8006.0000,1500.0000
17393,13:48:25.751000,2964.0000,0.0000,15.7332,-34.0000,-6.2171,7986.0000,1500.0000
17401,13:48:25.761000,4082.0000,0.0000,19.6665,-55.0000,-6.0932,8021.0000,1500.0000
17409,13:48:25.771000,3851.0000,0.0000,19.6665,-20.0000,-5.5973,8013.0000,1500.0000
17417,13:48:25.781000,3460.0000,0.0000,19.6665,-39.0000,-5.4638,8006.0000,1500.0000
17425,13:48:25.791000,2238.0000,0.0000,19.6665,-29.0000,-5.8929,8034.0000,1500.0000
17433,13:48:25.801000,3160.0000,0.0000,19.6665,-48.0000,-6.5509,8029.0000,1500.0000
17441,13:48:25.811000,3035.0000,0.0000,19.6665,-20.0000,-6.5223,8003.0000,1500.0000
17449,13:48:25.821000,3996.0000,0.0000,19.6665,-10.0000,-5.9311,8034.0000,1500.0000
17457,13:48:25.831000,3425.0000,0.0000,19.6665,-41.0000,-5.8357,8010.0000,1500.0000
17465,13:48:25.841000,3394.0000,0.0000,23.5998,-34.0000,-5.9501,8025.0000,1500.0000
17473,13:48:25.851000,3152.0000,0.0000,19.6665,-41.0000,-6.3029,8005.0000,1500.0000
17481,13:48:25.861000,3488.0000,0.0000,19.6665,-27.0000,-5.5401,8039.0000,1500.0000
17489,13:48:25.871000,3339.0000,0.0000,19.6665,-31.0000,-5.5592,8009.0000,1500.0000
17497,13:48:25.881000,3304.0000,0.0000,19.6665,-34.0000,-5.8262,8044.0000,1500.0000
17505,13:48:25.891000,3468.0000,0.0000,19.6665,-36.0000,-6.3697,7999.0000,1500.0000
17513,13:48:25.901000,3273.0000,0.0000,19.6665,-20.0000,-6.4841,8008.0000,1500.0000
17521,13:48:25.911000,3015.0000,0.0000,19.6665,-31.0000,-5.9787,8039.0000,1500.0000
17529,13:48:25.921000,2757.0000,0.0000,19.6665,-48.0000,-5.6927,8044.0000,1500.0000
17537,13:48:25.931000,2902.0000,0.0000,19.6665,-27.0000,-5.6927,8018.0000,1500.0000
17545,13:48:25.941000,3300.0000,0.0000,19.6665,-60.0000,-6.0360,8016.0000,1500.0000
17553,13:48:25.951000,3296.0000,0.0000,19.6665,-46.0000,-5.6736,8038.0000,1500.0000
17561,13:48:25.961000,3382.0000,0.0000,19.6665,-34.0000,-5.3875,8035.0000,1500.0000
17569,13:48:25.971000,3113.0000,0.0000,23.5998,-34.0000,-5.6641,8020.0000,1500.0000
17577,13:48:25.981000,3281.0000,0.0000,19.6665,-22.0000,-6.0932,8040.0000,1500.0000
17585,13:48:25.991000,2183.0000,0.0000,19.6665,-27.0000,-6.5985,8018.0000,1500.0000
17593,13:48:26.001000,3875.0000,0.0000,19.6665,-24.0000,-6.0932,8019.0000,1500.0000
17601,13:48:26.011000,3691.0000,0.0000,19.6665,-34.0000,-5.8738,8020.0000,1500.0000
17609,13:48:26.021000,3394.0000,0.0000,19.6665,-36.0000,-5.6164,8034.0000,1500.0000
17617,13:48:26.031000,2886.0000,0.0000,19.6665,-43.0000,-5.9501,8037.0000,1500.0000
17625,13:48:26.041000,2707.0000,0.0000,19.6665,-20.0000,-6.2171,8032.0000,1500.0000
17633,13:48:26.051000,3238.0000,0.0000,23.5998,-36.0000,-5.7117,8034.0000,1500.0000
17641,13:48:26.061000,3246.0000,0.0000,19.6665,-55.0000,-5.5592,8020.0000,1500.0000
17649,13:48:26.071000,3996.0000,0.0000,23.5998,-36.0000,-5.7213,8028.0000,1500.0000
17657,13:48:26.081000,3539.0000,0.0000,23.5998,-27.0000,-6.6462,8055.0000,1500.0000
17665,13:48:26.091000,2511.0000,0.0000,19.6665,-39.0000,-6.3316,8036.0000,1500.0000
17673,13:48:26.101000,3332.0000,0.0000,19.6665,-58.0000,-6.1122,8070.0000,1500.0000
17681,13:48:26.111000,2937.0000,0.0000,19.6665,-53.0000,-5.9501,8024.0000,1500.0000
17689,13:48:26.121000,2800.0000,0.0000,19.6665,-22.0000,-6.0741,8078.0000,1500.0000
17697,13:48:26.131000,4082.0000,0.0000,19.6665,-29.0000,-6.1981,8059.0000,1500.0000
17705,13:48:26.141000,3128.0000,0.0000,19.6665,-36.0000,-5.6450,8039.0000,1500.0000
17713,13:48:26.151000,2773.0000,0.0000,19.6665,-36.0000,-5.5401,8046.0000,1500.0000
17721,13:48:26.161000,3257.0000,0.0000,23.5998,-41.0000,-6.0169,8024.0000,1500.0000
17729,13:48:26.171000,3371.0000,0.0000,19.6665,-51.0000,-6.2553,8055.0000,1500.0000
17737,13:48:26.181000,3324.0000,0.0000,19.6665,-46.0000,-6.3316,8044.0000,1500.0000
17745,13:48:26.191000,2996.0000,0.0000,15.7332,-51.0000,-6.0360,8003.0000,1500.0000
17753,13:48:26.201000,3152.0000,0.0000,15.7332,-43.0000,-5.6641,8075.0000,1500.0000
17761,13:48:26.211000,2855.0000,0.0000,19.6665,-67.0000,-5.9883,8033.0000,1500.0000
17769,13:48:26.221000,3054.0000,0.0000,19.6665,-41.0000,-6.2648,8082.0000,1500.0000
17777,13:48:26.231000,3316.0000,0.0000,19.6665,-43.0000,-5.7785,8049.0000,1500.0000
17785,13:48:26.241000,3394.0000,0.0000,19.6665,-53.0000,-5.2827,8048.0000,1500.0000
17793,13:48:26.251000,2738.0000,0.0000,23.5998,-51.0000,-5.6450,8049.0000,1500.0000
17801,13:48:26.261000,2988.0000,0.0000,15.7332,-55.0000,-6.1981,8037.0000,1500.0000
17809,13:48:26.271000,3492.0000,0.0000,19.6665,-31.0000,-6.5413,8085.0000,1500.0000
17817,13:48:26.281000,2671.0000,0.0000,19.6665,-43.0000,-6.3125,8048.0000,1500.0000
17825,13:48:26.291000,3269.0000,0.0000,15.7332,-29.0000,-5.7785,8077.0000,1500.0000
17833,13:48:26.301000,2882.0000,0.0000,19.6665,-34.0000,-5.7880,8046.0000,1500.0000
17841,13:48:26.311000,2828.0000,0.0000,19.6665,-36.0000,-6.0741,8046.0000,1500.0000
17849,13:48:26.321000,3492.0000,0.0000,19.6665,-46.0000,-5.9311,8057.0000,1500.0000
17857,13:48:26.331000,3488.0000,0.0000,19.6665,-53.0000,-5.9120,8056.0000,1500.0000
17865,13:48:26.341000,3363.0000,0.0000,19.6665,-62.0000,-5.5210,8078.0000,1500.0000
17873,13:48:26.351000,3093.0000,0.0000,23.5998,-39.0000,-6.4460,8058.0000,1500.0000
17881,13:48:26.361000,3589.0000,0.0000,19.6665,-41.0000,-6.6653,8058.0000,1500.0000
17889,13:48:26.371000,2359.0000,0.0000,19.6665,-22.0000,-6.1981,8066.0000,1500.0000
17897,13:48:26.381000,2949.0000,0.0000,19.6665,-29.0000,-5.8357,8052.0000,1500.0000
17905,13:48:26.391000,3511.0000,0.0000,19.6665,-34.0000,-5.9692,8089.0000,1500.0000
17913,13:48:26.401000,3148.0000,0.0000,19.6665,-24.0000,-6.3125,8070.0000,1500.0000
17921,13:48:26.411000,2582.0000,0.0000,23.5998,-39.0000,-6.2648,8086.0000,1500.0000
17929,13:48:26.421000,2562.0000,0.0000,19.6665,-48.0000,-5.6927,8081.0000,1500.0000
17937,13:48:26.431000,2710.0000,0.0000,19.6665,-53.0000,-5.5878,8084.0000,1500.0000
17945,13:48:26.441000,3351.0000,0.0000,23.5998,-39.0000,-5.9311,8112.0000,1500.0000
17953,13:48:26.451000,3308.0000,0.0000,19.6665,-39.0000,-6.6272,8079.0000,1500.0000
17961,13:48:26.461000,3214.0000,0.0000,19.6665,-43.0000,-6.2553,8101.0000,1500.0000
17969,13:48:26.471000,2492.0000,0.0000,19.6665,-43.0000,-5.7690,8085.0000,1500.0000
17977,13:48:26.481000,2843.0000,0.0000,19.6665,-27.0000,-5.9120,8097.0000,1500.0000
17985,13:48:26.491000,3316.0000,0.0000,19.6665,-51.0000,-5.8929,8091.0000,1500.0000
17993,13:48:26.501000,3277.0000,0.0000,19.6665,-17.0000,-6.0169,8117.0000,1500.0000
18001,13:48:26.511000,3289.0000,0.0000,19.6665,-36.0000,-5.6450,8104.0000,1500.0000
18009,13:48:26.521000,3476.0000,0.0000,19.6665,-36.0000,-5.5020,8100.0000,1500.0000
18017,13:48:26.531000,3207.0000,0.0000,19.6665,-58.0000,-5.7308,8128.0000,1500.0000
18025,13:48:26.541000,3335.0000,0.0000,19.6665,-34.0000,-6.2743,8126.0000,1500.0000
18033,13:48:26.551000,3195.0000,0.0000,19.6665,-29.0000,-6.3792,8108.0000,1500.0000
18041,13:48:26.561000,3117.0000,0.0000,19.6665,-39.0000,-6.0836,8113.0000,1500.0000
18049,13:48:26.571000,2914.0000,0.0000,19.6665,-34.0000,-5.6164,8130.0000,1500.0000
18057,13:48:26.581000,2664.0000,0.0000,19.6665,-31.0000,-6.0932,8098.0000,1500.0000
18065,13:48:26.591000,3414.0000,0.0000,23.5998,-43.0000,-6.1790,8106.0000,1500.0000
18073,13:48:26.601000,3296.0000,0.0000,19.6665,-34.0000,-5.6164,8108.0000,1500.0000
18081,13:48:26.611000,3441.0000,0.0000,19.6665,-27.0000,-5.3971,8115.0000,1500.0000
18089,13:48:26.621000,3144.0000,0.0000,19.6665,-43.0000,-5.4734,8119.0000,1500.0000
18097,13:48:26.631000,3296.0000,0.0000,19.6665,-15.0000,-6.4555,8141.0000,1500.0000
18105,13:48:26.641000,3304.0000,0.0000,19.6665,-67.0000,-6.7130,8114.0000,1500.0000
18113,13:48:26.651000,3003.0000,0.0000,19.6665,-27.0000,-6.3506,8144.0000,1500.0000
18121,13:48:26.661000,2816.0000,0.0000,19.6665,-39.0000,-5.6641,8127.0000,1500.0000
18129,13:48:26.671000,3019.0000,0.0000,23.5998,-36.0000,-5.7213,8127.0000,1500.0000
18137,13:48:26.681000,2855.0000,0.0000,19.6665,-58.0000,-6.1027,8117.0000,1500.0000
18145,13:48:26.691000,3738.0000,0.0000,19.6665,-34.0000,-5.7976,8122.0000,1500.0000
18153,13:48:26.701000,3527.0000,0.0000,19.6665,-39.0000,-5.6259,8132.0000,1500.0000
18161,13:48:26.711000,3394.0000,0.0000,19.6665,-46.0000,-5.6545,8137.0000,1500.0000
18169,13:48:26.721000,2953.0000,0.0000,19.6665,-31.0000,-6.4937,8120.0000,1500.0000
18177,13:48:26.731000,3414.0000,0.0000,19.6665,-29.0000,-6.6653,8153.0000,1500.0000
18185,13:48:26.741000,3292.0000,0.0000,19.6665,-43.0000,-6.2457,8129.0000,1500.0000
18193,13:48:26.751000,2882.0000,0.0000,19.6665,-58.0000,-5.5687,8156.0000,1500.0000
18201,13:48:26.761000,2609.0000,0.0000,19.6665,-65.0000,-5.5401,8140.0000,1500.0000
18209,13:48:26.771000,3320.0000,0.0000,19.6665,-43.0000,-6.2171,8137.0000,1500.0000
18217,13:48:26.781000,3207.0000,0.0000,19.6665,-31.0000,-5.8452,8140.0000,1500.0000
18225,13:48:26.791000,3695.0000,0.0000,19.6665,-29.0000,-5.7117,8159.0000,1500.0000
18233,13:48:26.801000,4144.0000,0.0000,15.7332,-46.0000,-5.6259,8148.0000,1500.0000
18241,13:48:26.811000,3386.0000,0.0000,19.6665,-53.0000,-5.9883,8153.0000,1500.0000
18249,13:48:26.821000,3683.0000,0.0000,19.6665,-34.0000,-6.4937,8137.0000,1500.0000
18257,13:48:26.831000,4000.0000,0.0000,19.6665,-41.0000,-6.3506,8144.0000,1500.0000
18265,13:48:26.841000,3335.0000,0.0000,19.6665,-43.0000,-5.8071,8134.0000,1500.0000
18273,13:48:26.851000,3699.0000,0.0000,19.6665,-36.0000,-5.5687,8183.0000,1500.0000
18281,13:48:26.861000,3070.0000,0.0000,19.6665,-41.0000,-5.7976,8142.0000,1500.0000
18289,13:48:26.871000,3750.0000,0.0000,19.6665,-51.0000,-5.9978,8159.0000,1500.0000
18297,13:48:26.881000,3082.0000,0.0000,19.6665,-41.0000,-5.7880,8140.0000,1500.0000
18305,13:48:26.891000,3152.0000,0.0000,19.6665,-46.0000,-5.5020,8131.0000,1500.0000
18313,13:48:26.901000,3800.0000,0.0000,19.6665,-41.0000,-5.6831,8188.0000,1500.0000
18321,13:48:26.911000,3625.0000,0.0000,19.6665,-53.0000,-5.9978,8141.0000,1500.0000
18329,13:48:26.921000,3757.0000,0.0000,19.6665,-20.0000,-6.1981,8142.0000,1500.0000
18337,13:48:26.931000,3566.0000,0.0000,19.6665,-43.0000,-6.0264,8144.0000,1500.0000
18345,13:48:26.941000,2910.0000,0.0000,19.6665,-55.0000,-5.7880,8167.0000,1500.0000
18353,13:48:26.951000,4335.0000,0.0000,19.6665,-51.0000,-6.0073,8162.0000,1500.0000
18361,13:48:26.961000,3691.0000,0.0000,19.6665,-34.0000,-6.3506,8149.0000,1500.0000
18369,13:48:26.971000,3578.0000,0.0000,19.6665,-36.0000,-6.0932,8152.0000,1500.0000
18377,13:48:26.981000,3671.0000,0.0000,19.6665,-43.0000,-5.7404,8145.0000,1500.0000
18385,13:48:26.991000,3484.0000,0.0000,19.6665,-55.0000,-5.5687,8174.0000,1500.0000
18393,13:48:27.001000,3523.0000,0.0000,19.6665,-39.0000,-6.2076,8167.0000,1500.0000
18401,13:48:27.011000,3359.0000,0.0000,19.6665,-48.0000,-6.4746,8148.0000,1500.0000
18409,13:48:27.021000,3300.0000,0.0000,19.6665,-29.0000,-6.1694,8178.0000,1500.0000
18417,13:48:27.031000,3613.0000,0.0000,19.6665,-34.0000,-6.1122,8156.0000,1500.0000
18425,13:48:27.041000,4085.0000,0.0000,19.6665,-43.0000,-6.1027,8169.0000,1500.0000
18433,13:48:27.051000,3703.0000,0.0000,19.6665,-22.0000,-6.2743,8176.0000,1500.0000
18441,13:48:27.061000,3218.0000,0.0000,19.6665,-48.0000,-6.2648,8186.0000,1500.0000
18449,13:48:27.071000,3609.0000,0.0000,23.5998,-34.0000,-5.5020,8165.0000,1500.0000
18457,13:48:27.081000,3578.0000,0.0000,19.6665,-36.0000,-5.4638,8179.0000,1500.0000
18465,13:48:27.091000,3582.0000,0.0000,19.6665,-51.0000,-6.2267,8145.0000,1500.0000
18473,13:48:27.101000,3515.0000,0.0000,19.6665,-51.0000,-6.7511,8167.0000,1500.0000
18481,13:48:27.111000,3683.0000,0.0000,23.5998,-36.0000,-6.6176,8156.0000,1500.0000
18489,13:48:27.121000,3023.0000,0.0000,19.6665,-39.0000,-6.0646,8153.0000,1500.0000
18497,13:48:27.131000,2976.0000,0.0000,19.6665,-36.0000,-5.9406,8166.0000,1500.0000
18505,13:48:27.141000,3457.0000,0.0000,23.5998,-12.0000,-6.0550,8158.0000,1500.0000
18513,13:48:27.151000,3433.0000,0.0000,19.6665,-15.0000,-6.0836,8165.0000,1500.0000
18521,13:48:27.161000,3933.0000,0.0000,15.7332,-29.0000,-5.6927,8170.0000,1500.0000
18529,13:48:27.171000,3617.0000,0.0000,19.6665,-41.0000,-5.4734,8138.0000,1500.0000
18537,13:48:27.181000,3023.0000,0.0000,19.6665,-36.0000,-5.9978,8180.0000,1500.0000
18545,13:48:27.191000,2886.0000,0.0000,19.6665,-27.0000,-6.8655,8176.0000,1500.0000
18553,13:48:27.201000,3234.0000,0.0000,23.5998,-39.0000,-6.4746,8172.0000,1500.0000
18561,13:48:27.211000,3449.0000,0.0000,19.6665,-39.0000,-6.0264,8180.0000,1500.0000
18569,13:48:27.221000,3535.0000,0.0000,19.6665,-46.0000,-5.8738,8164.0000,1500.0000
18577,13:48:27.231000,3648.0000,0.0000,19.6665,-43.0000,-5.9406,8187.0000,1500.0000
18585,13:48:27.241000,3667.0000,0.0000,19.6665,-31.0000,-6.0169,8177.0000,1500.0000
18593,13:48:27.251000,2828.0000,0.0000,23.5998,-39.0000,-5.7022,8209.0000,1500.0000
18601,13:48:27.261000,4250.0000,0.0000,19.6665,-46.0000,-5.5878,8169.0000,1500.0000
18609,13:48:27.271000,3562.0000,0.0000,19.6665,-53.0000,-5.8357,8155.0000,1500.0000
18617,13:48:27.281000,3195.0000,0.0000,19.6665,-34.0000,-6.4937,8197.0000,1500.0000
18625,13:48:27.291000,3765.0000,0.0000,23.5998,-36.0000,-6.6272,8162.0000,1500.0000
18633,13:48:27.301000,2828.0000,0.0000,23.5998,-39.0000,-5.8452,8184.0000,1500.0000
18641,13:48:27.311000,3574.0000,0.0000,19.6665,-53.0000,-5.7690,8195.0000,1500.0000
18649,13:48:27.321000,3625.0000,0.0000,15.7332,-48.0000,-5.8166,8168.0000,1500.0000
18657,13:48:27.331000,3386.0000,0.0000,19.6665,-31.0000,-6.0741,8200.0000,1500.0000
18665,13:48:27.341000,3542.0000,0.0000,19.6665,-29.0000,-5.7022,8163.0000,1500.0000
18673,13:48:27.351000,3601.0000,0.0000,19.6665,-41.0000,-5.3875,8216.0000,1500.0000
18681,13:48:27.361000,3601.0000,0.0000,23.5998,-51.0000,-5.5687,8181.0000,1500.0000
18689,13:48:27.371000,3277.0000,0.0000,19.6665,-39.0000,-6.1599,8197.0000,1500.0000
18697,13:48:27.381000,3964.0000,0.0000,19.6665,-41.0000,-6.3602,8172.0000,1500.0000
18705,13:48:27.391000,3554.0000,0.0000,19.6665,-41.0000,-6.1504,8160.0000,1500.0000
18713,13:48:27.401000,2601.0000,0.0000,19.6665,-51.0000,-5.7499,8189.0000,1500.0000
18721,13:48:27.411000,3726.0000,0.0000,19.6665,-41.0000,-5.6736,8168.0000,1500.0000
18729,13:48:27.421000,3691.0000,0.0000,19.6665,-31.0000,-6.1694,8128.0000,1500.0000
18737,13:48:27.431000,2968.0000,0.0000,19.6665,-48.0000,-6.0836,8161.0000,1500.0000
18745,13:48:27.441000,2925.0000,0.0000,19.6665,-27.0000,-5.6259,8195.0000,1500.0000
18753,13:48:27.451000,3464.0000,0.0000,19.6665,-17.0000,-5.7213,8193.0000,1500.0000
18761,13:48:27.461000,2914.0000,0.0000,19.6665,-34.0000,-6.0550,8167.0000,1500.0000
18769,13:48:27.471000,3769.0000,0.0000,19.6665,-43.0000,-6.5223,8192.0000,1500.0000
18777,13:48:27.481000,4562.0000,0.0000,19.6665,-24.0000,-6.3602,8190.0000,1500.0000
18785,13:48:27.491000,3417.0000,0.0000,15.7332,-46.0000,-5.9883,8204.0000,1500.0000
18793,13:48:27.501000,2605.0000,0.0000,23.5998,-43.0000,-5.9215,8188.0000,1500.0000
18801,13:48:27.511000,4078.0000,0.0000,19.6665,-48.0000,-6.2743,8172.0000,1500.0000
18809,13:48:27.521000,3851.0000,0.0000,19.6665,-41.0000,-5.9597,8171.0000,1500.0000
18817,13:48:27.531000,3777.0000,0.0000,19.6665,-34.0000,-5.6545,8167.0000,1500.0000
18825,13:48:27.541000,3621.0000,0.0000,19.6665,-48.0000,-5.6164,8196.0000,1500.0000
18833,13:48:27.551000,3394.0000,0.0000,19.6665,-20.0000,-5.8834,8200.0000,1500.0000
18841,13:48:27.561000,3406.0000,0.0000,19.6665,-39.0000,-6.5604,8179.0000,1500.0000
18849,13:48:27.571000,3707.0000,0.0000,23.5998,-34.0000,-6.4841,8167.0000,1500.0000
18857,13:48:27.581000,4242.0000,0.0000,19.6665,-27.0000,-6.0455,8159.0000,1500.0000
18865,13:48:27.591000,3382.0000,0.0000,23.5998,-36.0000,-5.7499,8192.0000,1500.0000
18873,13:48:27.601000,3031.0000,0.0000,19.6665,-41.0000,-6.1981,8218.0000,1500.0000
18881,13:48:27.611000,3257.0000,0.0000,19.6665,-36.0000,-6.0455,8180.0000,1500.0000
18889,13:48:27.621000,3328.0000,0.0000,19.6665,-46.0000,-5.9025,8166.0000,1500.0000
18897,13:48:27.631000,3656.0000,0.0000,19.6665,-51.0000,-5.5020,8168.0000,1500.0000
18905,13:48:27.641000,3835.0000,0.0000,19.6665,-34.0000,-5.6450,8172.0000,1500.0000
18913,13:48:27.651000,3683.0000,0.0000,19.6665,-31.0000,-6.2362,8190.0000,1500.0000
18921,13:48:27.661000,3222.0000,0.0000,19.6665,-29.0000,-6.3888,8177.0000,1500.0000
18929,13:48:27.671000,3402.0000,0.0000,19.6665,-43.0000,-6.0932,8162.0000,1500.0000
18937,13:48:27.681000,3777.0000,0.0000,23.5998,-34.0000,-5.7976,8168.0000,1500.0000
18945,13:48:27.691000,3089.0000,0.0000,19.6665,-31.0000,-5.7880,8191.0000,1500.0000
18953,13:48:27.701000,3914.0000,0.0000,19.6665,-34.0000,-6.1981,8219.0000,1500.0000
18961,13:48:27.711000,3722.0000,0.0000,19.6665,-39.0000,-5.6259,8184.0000,1500.0000
18969,13:48:27.721000,3980.0000,0.0000,19.6665,-65.0000,-5.3685,8164.0000,1500.0000
18977,13:48:27.731000,4027.0000,0.0000,19.6665,-34.0000,-5.5115,8205.0000,1500.0000
18985,13:48:27.741000,3566.0000,0.0000,19.6665,-36.0000,-6.1313,8194.0000,1500.0000
18993,13:48:27.751000,3218.0000,0.0000,19.6665,-31.0000,-6.4841,8198.0000,1500.0000
19001,13:48:27.761000,4156.0000,0.0000,19.6665,-17.0000,-6.0169,8208.0000,1500.0000
19009,13:48:27.771000,3722.0000,0.0000,19.6665,-51.0000,-5.4829,8167.0000,1500.0000
19017,13:48:27.781000,3941.0000,0.0000,19.6665,-55.0000,-5.6927,8176.0000,1500.0000
19025,13:48:27.791000,3457.0000,0.0000,19.6665,-46.0000,-5.8738,8201.0000,1500.0000
19033,13:48:27.801000,3726.0000,0.0000,19.6665,-48.0000,-6.0550,8193.0000,1500.0000
19041,13:48:27.811000,3027.0000,0.0000,19.6665,-53.0000,-5.5783,8202.0000,1500.0000
19049,13:48:27.821000,3757.0000,0.0000,19.6665,-48.0000,-5.5878,8183.0000,1500.0000
19057,13:48:27.831000,4015.0000,0.0000,19.6665,-48.0000,-5.8548,8176.0000,1500.0000
19065,13:48:27.841000,3625.0000,0.0000,19.6665,-34.0000,-6.4174,8170.0000,1500.0000
19073,13:48:27.851000,3691.0000,0.0000,19.6665,-46.0000,-6.1122,8189.0000,1500.0000
19081,13:48:27.861000,3835.0000,0.0000,19.6665,-70.0000,-6.0646,8176.0000,1500.0000
19089,13:48:27.871000,3367.0000,0.0000,15.7332,-24.0000,-5.8166,8175.0000,1500.0000
19097,13:48:27.881000,3406.0000,0.0000,19.6665,-53.0000,-6.4269,8174.0000,1500.0000
19105,13:48:27.891000,4097.0000,0.0000,19.6665,-39.0000,-6.5032,8181.0000,1500.0000
19113,13:48:27.901000,4285.0000,0.0000,15.7332,-58.0000,-5.9978,8181.0000,1500.0000
19121,13:48:27.911000,4277.0000,0.0000,19.6665,-58.0000,-5.7404,8179.0000,1500.0000
19129,13:48:27.921000,4398.0000,0.0000,19.6665,-46.0000,-6.0169,8163.0000,1500.0000
19137,13:48:27.931000,4000.0000,0.0000,19.6665,-36.0000,-6.6176,8193.0000,1500.0000
19145,13:48:27.941000,3226.0000,0.0000,15.7332,-39.0000,-6.6844,8192.0000,1500.0000
19153,13:48:27.951000,3441.0000,0.0000,19.6665,-34.0000,-6.3792,8181.0000,1500.0000
19161,13:48:27.961000,3972.0000,0.0000,15.7332,-43.0000,-6.2457,8199.0000,1500.0000
19169,13:48:27.971000,3144.0000,0.0000,19.6665,-53.0000,-6.1981,8154.0000,1500.0000
19177,13:48:27.981000,4312.0000,0.0000,19.6665,-58.0000,-6.2839,8190.0000,1500.0000
19185,13:48:27.991000,3585.0000,0.0000,19.6665,-36.0000,-6.0646,8176.0000,1500.0000
19193,13:48:28.001000,3972.0000,0.0000,19.6665,-36.0000,-5.7308,8190.0000,1500.0000
19201,13:48:28.011000,3992.0000,0.0000,19.6665,-48.0000,-5.8643,8201.0000,1500.0000
19209,13:48:28.021000,3253.0000,0.0000,19.6665,-53.0000,-6.5890,8203.0000,1500.0000
19217,13:48:28.031000,4250.0000,0.0000,19.6665,-43.0000,-6.8274,8202.0000,1500.0000
19225,13:48:28.041000,3535.0000,0.0000,23.5998,-36.0000,-5.9883,8176.0000,1500.0000
19233,13:48:28.051000,3859.0000,0.0000,19.6665,-36.0000,-5.9025,8212.0000,1500.0000
19241,13:48:28.061000,3882.0000,0.0000,19.6665,-31.0000,-6.0646,8184.0000,1500.0000
19249,13:48:28.071000,4007.0000,0.0000,19.6665,-48.0000,-6.0932,8167.0000,1500.0000
19257,13:48:28.081000,4347.0000,0.0000,19.6665,-34.0000,-5.7117,8207.0000,1500.0000
19265,13:48:28.091000,3949.0000,0.0000,19.6665,-48.0000,-5.5496,8223.0000,1500.0000
19273,13:48:28.101000,4128.0000,0.0000,19.6665,-39.0000,-5.8548,8184.0000,1500.0000
19281,13:48:28.111000,4480.0000,0.0000,15.7332,-55.0000,-6.2362,8170.0000,1500.0000
19289,13:48:28.121000,3925.0000,0.0000,19.6665,-39.0000,-6.3888,8170.0000,1500.0000
19297,13:48:28.131000,5171.0000,0.0000,19.6665,-24.0000,-6.0741,8199.0000,1500.0000
19305,13:48:28.141000,4433.0000,0.0000,19.6665,-51.0000,-5.7117,8201.0000,1500.0000
19313,13:48:28.151000,4265.0000,0.0000,19.6665,-34.0000,-5.6545,8206.0000,1500.0000
19321,13:48:28.161000,4164.0000,0.0000,19.6665,-58.0000,-6.0932,8202.0000,1500.0000
19329,13:48:28.171000,3574.0000,0.0000,15.7332,-39.0000,-5.9597,8178.0000,1500.0000
19337,13:48:28.181000,4074.0000,0.0000,19.6665,-34.0000,-5.5401,8179.0000,1500.0000
19345,13:48:28.191000,4289.0000,0.0000,19.6665,-43.0000,-5.5306,8197.0000,1500.0000
19353,13:48:28.201000,4050.0000,0.0000,23.5998,-41.0000,-6.1504,8211.0000,1500.0000
19361,13:48:28.211000,4312.0000,0.0000,19.6665,-46.0000,-6.5604,8112.0000,1500.0000
19369,13:48:28.221000,4105.0000,0.0000,15.7332,-39.0000,-6.1981,8169.0000,1500.0000
19377,13:48:28.231000,3863.0000,0.0000,19.6665,-58.0000,-5.8834,8168.0000,1500.0000
19385,13:48:28.241000,4390.0000,0.0000,19.6665,-27.0000,-5.8643,8171.0000,1500.0000
19393,13:48:28.251000,5082.0000,0.0000,19.6665,-27.0000,-6.0932,8185.0000,1500.0000
19401,13:48:28.261000,4476.0000,0.0000,19.6665,-36.0000,-5.9501,8172.0000,1500.0000
19409,13:48:28.271000,4535.0000,0.0000,19.6665,-31.0000,-5.8262,8197.0000,1500.0000
19417,13:48:28.281000,3937.0000,0.0000,15.7332,-41.0000,-5.5401,8235.0000,1500.0000
19425,13:48:28.291000,4238.0000,0.0000,19.6665,-72.0000,-5.9597,8181.0000,1500.0000
19433,13:48:28.301000,4070.0000,0.0000,19.6665,-55.0000,-6.5699,8211.0000,1500.0000
19441,13:48:28.311000,4304.0000,0.0000,19.6665,-67.0000,-6.4078,8202.0000,1500.0000
19449,13:48:28.321000,4515.0000,0.0000,19.6665,-39.0000,-6.1313,8186.0000,1500.0000
19457,13:48:28.331000,4558.0000,0.0000,19.6665,-15.0000,-5.9215,8178.0000,1500.0000
19465,13:48:28.341000,4035.0000,0.0000,19.6665,-36.0000,-6.0932,8186.0000,1500.0000
19473,13:48:28.351000,4324.0000,0.0000,19.6665,-34.0000,-6.0455,8179.0000,1500.0000
19481,13:48:28.361000,4152.0000,0.0000,23.5998,-36.0000,-5.5687,8172.0000,1500.0000
19489,13:48:28.371000,5632.0000,0.0000,19.6665,-39.0000,-5.7117,8173.0000,1500.0000
19497,13:48:28.381000,5136.0000,0.0000,19.6665,-36.0000,-5.7594,8172.0000,1500.0000
19505,13:48:28.391000,4246.0000,0.0000,19.6665,-12.0000,-6.3506,8187.0000,1500.0000
19513,13:48:28.401000,3914.0000,0.0000,19.6665,-36.0000,-6.5413,8186.0000,1500.0000
19521,13:48:28.411000,4191.0000,0.0000,19.6665,-22.0000,-5.9883,8170.0000,1500.0000
19529,13:48:28.421000,4449.0000,0.0000,23.5998,-39.0000,-5.7785,8166.0000,1500.0000
19537,13:48:28.431000,5074.0000,0.0000,19.6665,-36.0000,-5.7213,8174.0000,1500.0000
19545,13:48:28.441000,5414.0000,0.0000,23.5998,-39.0000,-6.1218,8213.0000,1500.0000
19553,13:48:28.451000,4117.0000,0.0000,19.6665,-39.0000,-5.7690,8186.0000,1500.0000
19561,13:48:28.461000,4492.0000,0.0000,23.5998,-48.0000,-5.3875,8154.0000,1500.0000
19569,13:48:28.471000,4433.0000,0.0000,23.5998,-36.0000,-5.2064,8202.0000,1500.0000
19577,13:48:28.481000,4875.0000,0.0000,19.6665,-51.0000,-6.3029,8203.0000,1500.0000
19585,13:48:28.491000,4902.0000,0.0000,19.6665,-29.0000,-6.7416,8176.0000,1500.0000
19593,13:48:28.501000,4957.0000,0.0000,19.6665,-41.0000,-6.2743,8178.0000,1500.0000
19601,13:48:28.511000,3574.0000,0.0000,19.6665,-39.0000,-5.9025,8202.0000,1500.0000
19609,13:48:28.521000,4468.0000,0.0000,19.6665,-39.0000,-5.7213,8133.0000,1500.0000
19617,13:48:28.531000,4777.0000,0.0000,19.6665,-34.0000,-5.9311,8180.0000,1500.0000
19625,13:48:28.541000,4847.0000,0.0000,19.6665,-31.0000,-5.9406,8175.0000,1500.0000
19633,13:48:28.551000,4308.0000,0.0000,19.6665,-31.0000,-5.7213,8170.0000,1500.0000
19641,13:48:28.561000,4898.0000,0.0000,19.6665,-43.0000,-5.4352,8176.0000,1500.0000
19649,13:48:28.571000,4828.0000,0.0000,19.6665,-55.0000,-6.0073,8198.0000,1500.0000
19657,13:48:28.581000,4699.0000,0.0000,19.6665,-8.0000,-6.6939,8205.0000,1500.0000
19665,13:48:28.591000,5089.0000,0.0000,19.6665,-27.0000,-6.6558,8183.0000,1500.0000
19673,13:48:28.601000,5085.0000,0.0000,19.6665,-34.0000,-6.2457,8177.0000,1500.0000
19681,13:48:28.611000,3871.0000,0.0000,19.6665,-41.0000,-5.9120,8166.0000,1500.0000
19689,13:48:28.621000,5218.0000,0.0000,15.7332,-51.0000,-6.2267,8172.0000,1500.0000
19697,13:48:28.631000,5109.0000,0.0000,19.6665,-51.0000,-6.0455,8170.0000,1500.0000
19705,13:48:28.641000,4753.0000,0.0000,19.6665,-31.0000,-5.7213,8174.0000,1500.0000
19713,13:48:28.651000,5058.0000,0.0000,19.6665,-39.0000,-5.6641,8166.0000,1500.0000
19721,13:48:28.661000,4945.0000,0.0000,15.7332,-41.0000,-5.9311,8161.0000,1500.0000
19729,13:48:28.671000,5625.0000,0.0000,19.6665,-48.0000,-6.4746,8171.0000,1500.0000
19737,13:48:28.681000,5210.0000,0.0000,19.6665,-20.0000,-6.1504,8190.0000,1500.0000
19745,13:48:28.691000,5121.0000,0.0000,19.6665,-60.0000,-5.8357,8163.0000,1500.0000
19753,13:48:28.701000,5105.0000,0.0000,19.6665,-39.0000,-5.4448,8164.0000,1500.0000
19761,13:48:28.711000,4835.0000,0.0000,19.6665,-27.0000,-5.8548,8168.0000,1500.0000
19769,13:48:28.721000,5007.0000,0.0000,19.6665,-3.0000,-6.2553,8201.0000,1500.0000
19777,13:48:28.731000,5292.0000,0.0000,19.6665,-29.0000,-6.0455,8203.0000,1500.0000
19785,13:48:28.741000,5390.0000,0.0000,19.6665,-48.0000,-5.6355,8161.0000,1500.0000
19793,13:48:28.751000,5261.0000,0.0000,19.6665,-24.0000,-5.6450,8197.0000,1500.0000
19801,13:48:28.761000,4707.0000,0.0000,23.5998,-53.0000,-6.1599,8171.0000,1500.0000
19809,13:48:28.771000,5164.0000,0.0000,19.6665,-29.0000,-6.2839,8177.0000,1500.0000
19817,13:48:28.781000,5179.0000,0.0000,19.6665,-43.0000,-6.1790,8161.0000,1500.0000
19825,13:48:28.791000,5375.0000,0.0000,19.6665,-58.0000,-5.8548,8146.0000,1500.0000
19833,13:48:28.801000,5507.0000,0.0000,19.6665,-51.0000,-5.9311,8169.0000,1500.0000
19841,13:48:28.811000,4242.0000,0.0000,19.6665,-34.0000,-6.6844,8181.0000,1500.0000
19849,13:48:28.821000,5296.0000,0.0000,19.6665,-43.0000,-6.1790,8169.0000,1500.0000
19857,13:48:28.831000,5265.0000,0.0000,19.6665,-43.0000,-5.7880,8200.0000,1500.0000
19865,13:48:28.841000,5183.0000,0.0000,19.6665,-36.0000,-5.6927,8155.0000,1500.0000
19873,13:48:28.851000,5140.0000,0.0000,19.6665,-24.0000,-6.2553,8169.0000,1500.0000
19881,13:48:28.861000,5773.0000,0.0000,23.5998,-20.0000,-6.5699,8191.0000,1500.0000
19889,13:48:28.871000,5316.0000,0.0000,19.6665,-43.0000,-6.3220,8172.0000,1500.0000
19897,13:48:28.881000,5503.0000,0.0000,19.6665,-20.0000,-6.0073,8172.0000,1500.0000
19905,13:48:28.891000,5390.0000,0.0000,19.6665,-41.0000,-5.8548,8186.0000,1500.0000
19913,13:48:28.901000,5492.0000,0.0000,19.6665,-34.0000,-6.1504,8193.0000,1500.0000
19921,13:48:28.911000,4671.0000,0.0000,19.6665,-39.0000,-5.8929,8165.0000,1500.0000
19929,13:48:28.921000,5441.0000,0.0000,23.5998,-39.0000,-5.7499,8166.0000,1500.0000
19937,13:48:28.931000,5558.0000,0.0000,23.5998,-41.0000,-5.4638,8169.0000,1500.0000
19945,13:48:28.941000,5019.0000,0.0000,19.6665,-43.0000,-6.0741,8158.0000,1500.0000
19953,13:48:28.951000,5230.0000,0.0000,19.6665,-27.0000,-6.5890,8170.0000,1500.0000
19961,13:48:28.961000,5253.0000,0.0000,19.6665,-8.0000,-6.2076,8168.0000,1500.0000
19969,13:48:28.971000,5097.0000,0.0000,23.5998,-29.0000,-5.7404,8186.0000,1500.0000
19977,13:48:28.981000,5480.0000,0.0000,19.6665,-34.0000,-5.7976,8180.0000,1500.0000
19985,13:48:28.991000,6175.0000,0.0000,19.6665,-34.0000,-6.0264,8163.0000,1500.0000
19993,13:48:29.001000,5785.0000,0.0000,19.6665,-15.0000,-6.0264,8167.0000,1500.0000
20001,13:48:29.011000,4800.0000,0.0000,19.6665,-55.0000,-5.4161,8146.0000,1500.0000
20009,13:48:29.021000,5832.0000,0.0000,19.6665,-53.0000,-5.6259,8162.0000,1500.0000
20017,13:48:29.031000,5898.0000,0.0000,19.6665,-51.0000,-5.8071,8181.0000,1500.0000
20025,13:48:29.041000,6175.0000,0.0000,19.6665,-29.0000,-6.6081,8201.0000,1500.0000
20033,13:48:29.051000,7019.0000,0.0000,19.6665,-27.0000,-6.3697,8175.0000,1500.0000
20041,13:48:29.061000,5601.0000,0.0000,23.5998,-29.0000,-6.1885,8159.0000,1500.0000
20049,13:48:29.071000,5472.0000,0.0000,19.6665,-22.0000,-5.6545,8196.0000,1500.0000
20057,13:48:29.081000,6062.0000,0.0000,23.5998,-39.0000,-6.1313,8175.0000,1500.0000
20065,13:48:29.091000,6734.0000,0.0000,23.5998,-31.0000,-6.1885,8173.0000,1500.0000
20073,13:48:29.101000,7351.0000,0.0000,19.6665,-46.0000,-5.7976,8167.0000,1500.0000
20081,13:48:29.111000,6964.0000,0.0000,19.6665,-34.0000,-5.5020,8186.0000,1500.0000
20089,13:48:29.121000,6527.0000,0.0000,15.7332,-24.0000,-5.6355,8166.0000,1500.0000
20097,13:48:29.131000,6019.0000,0.0000,19.6665,-46.0000,-6.4555,8184.0000,1500.0000
20105,13:48:29.141000,6230.0000,0.0000,19.6665,-36.0000,-6.5604,8182.0000,1500.0000
20113,13:48:29.151000,5933.0000,0.0000,19.6665,-10.0000,-6.1122,8163.0000,1500.0000
20121,13:48:29.161000,5820.0000,0.0000,19.6665,-36.0000,-5.7499,8155.0000,1500.0000
20129,13:48:29.171000,6085.0000,0.0000,19.6665,-34.0000,-5.9025,8167.0000,1500.0000
20137,13:48:29.181000,6183.0000,0.0000,19.6665,-17.0000,-6.4364,8178.0000,1500.0000
20145,13:48:29.191000,6023.0000,0.0000,19.6665,-41.0000,-5.9311,8169.0000,1500.0000
20153,13:48:29.201000,6148.0000,0.0000,23.5998,-39.0000,-5.3685,8159.0000,1500.0000
20161,13:48:29.211000,6601.0000,0.0000,19.6665,-43.0000,-5.5020,8157.0000,1500.0000
20169,13:48:29.221000,6660.0000,0.0000,19.6665,-58.0000,-6.3792,8166.0000,1500.0000
20177,13:48:29.231000,5558.0000,0.0000,19.6665,-36.0000,-6.4174,8201.0000,1500.0000
20185,13:48:29.241000,5625.0000,0.0000,19.6665,-29.0000,-6.1218,8171.0000,1500.0000
20193,13:48:29.251000,6027.0000,0.0000,19.6665,-51.0000,-5.6164,8148.0000,1500.0000
20201,13:48:29.261000,6019.0000,0.0000,19.6665,-12.0000,-5.8929,8158.0000,1500.0000
20209,13:48:29.271000,5929.0000,0.0000,19.6665,-39.0000,-6.1504,8163.0000,1500.0000
20217,13:48:29.281000,6191.0000,0.0000,19.6665,-22.0000,-5.7976,8168.0000,1500.0000
20225,13:48:29.291000,5679.0000,0.0000,19.6665,-22.0000,-5.5783,8199.0000,1500.0000
20233,13:48:29.301000,5898.0000,0.0000,19.6665,-58.0000,-5.4638,8156.0000,1500.0000
20241,13:48:29.311000,6054.0000,0.0000,19.6665,-34.0000,-5.7976,8180.0000,1500.0000
20249,13:48:29.321000,5785.0000,0.0000,15.7332,-27.0000,-6.3697,8187.0000,1500.0000
20257,13:48:29.331000,5269.0000,0.0000,19.6665,-29.0000,-6.2076,8168.0000,1500.0000
20265,13:48:29.341000,5808.0000,0.0000,19.6665,-41.0000,-5.9311,8162.0000,1500.0000
20273,13:48:29.351000,6070.0000,0.0000,19.6665,-34.0000,-5.7594,8176.0000,1500.0000
20281,13:48:29.361000,5632.0000,0.0000,19.6665,-34.0000,-6.1122,8177.0000,1500.0000
20289,13:48:29.371000,5523.0000,0.0000,19.6665,-24.0000,-6.2648,8162.0000,1500.0000
20297,13:48:29.381000,5519.0000,0.0000,19.6665,-43.0000,-5.5783,8195.0000,1500.0000
20305,13:48:29.391000,5250.0000,0.0000,19.6665,-65.0000,-5.4352,8173.0000,1500.0000
20313,13:48:29.401000,5472.0000,0.0000,19.6665,-36.0000,-5.6736,8181.0000,1500.0000
20321,13:48:29.411000,5152.0000,0.0000,19.6665,-36.0000,-6.3411,8182.0000,1500.0000
20329,13:48:29.421000,5144.0000,0.0000,19.6665,-22.0000,-6.5223,8156.0000,1500.0000
20337,13:48:29.431000,5628.0000,0.0000,23.5998,-31.0000,-6.1313,8173.0000,1500.0000
20345,13:48:29.441000,5820.0000,0.0000,19.6665,-36.0000,-6.1122,8153.0000,1500.0000
20353,13:48:29.451000,6539.0000,0.0000,15.7332,-36.0000,-6.0741,8146.0000,1500.0000
20361,13:48:29.461000,5429.0000,0.0000,19.6665,-43.0000,-6.3602,8153.0000,1500.0000
20369,13:48:29.471000,5757.0000,0.0000,15.7332,-27.0000,-5.9597,8158.0000,1500.0000
20377,13:48:29.481000,5800.0000,0.0000,19.6665,-51.0000,-5.8738,8180.0000,1500.0000
20385,13:48:29.491000,5953.0000,0.0000,23.5998,-36.0000,-5.6736,8156.0000,1500.0000
20393,13:48:29.501000,5242.0000,0.0000,19.6665,-34.0000,-6.4555,8127.0000,1500.0000
20401,13:48:29.511000,5613.0000,0.0000,19.6665,-34.0000,-6.7416,8142.0000,1500.0000
20409,13:48:29.521000,5160.0000,0.0000,19.6665,-34.0000,-6.3697,8169.0000,1500.0000
20417,13:48:29.531000,5453.0000,0.0000,19.6665,-41.0000,-5.8738,8169.0000,1500.0000
20425,13:48:29.541000,5777.0000,0.0000,19.6665,-12.0000,-5.9120,8145.0000,1500.0000
20433,13:48:29.551000,5453.0000,0.0000,19.6665,-17.0000,-6.5032,8144.0000,1500.0000
20441,13:48:29.561000,5140.0000,0.0000,15.7332,-31.0000,-6.1027,8145.0000,1500.0000
20449,13:48:29.571000,5746.0000,0.0000,15.7332,-39.0000,-5.8262,8178.0000,1500.0000
20457,13:48:29.581000,5253.0000,0.0000,19.6665,-31.0000,-5.8357,8195.0000,1500.0000
20465,13:48:29.591000,6128.0000,0.0000,19.6665,-34.0000,-6.2934,8162.0000,1500.0000
20473,13:48:29.601000,6085.0000,0.0000,19.6665,-29.0000,-6.7034,8148.0000,1500.0000
20481,13:48:29.611000,6085.0000,0.0000,19.6665,-31.0000,-6.4174,8142.0000,1500.0000
20489,13:48:29.621000,5933.0000,0.0000,19.6665,-36.0000,-5.6927,8173.0000,1500.0000
20497,13:48:29.631000,5050.0000,0.0000,15.7332,-8.0000,-5.7308,8169.0000,1500.0000
20505,13:48:29.641000,4976.0000,0.0000,19.6665,-20.0000,-6.2839,8168.0000,1500.0000
20513,13:48:29.651000,5558.0000,0.0000,19.6665,-43.0000,-5.8738,8161.0000,1500.0000
20521,13:48:29.661000,5640.0000,0.0000,23.5998,-34.0000,-5.6164,8152.0000,1500.0000
20529,13:48:29.671000,5136.0000,0.0000,19.6665,-34.0000,-5.6069,8147.0000,1500.0000
20537,13:48:29.681000,5328.0000,0.0000,15.7332,-43.0000,-5.9978,8172.0000,1500.0000
20545,13:48:29.691000,5269.0000,0.0000,15.7332,-34.0000,-6.5985,8144.0000,1500.0000
20553,13:48:29.701000,5515.0000,0.0000,19.6665,-15.0000,-6.2076,8143.0000,1500.0000
20561,13:48:29.711000,5140.0000,0.0000,19.6665,-41.0000,-5.9025,8141.0000,1500.0000
20569,13:48:29.721000,5871.0000,0.0000,19.6665,-41.0000,-5.7690,8148.0000,1500.0000
20577,13:48:29.731000,5734.0000,0.0000,19.6665,-34.0000,-6.1504,8162.0000,1500.0000
20585,13:48:29.741000,5867.0000,0.0000,19.6665,-24.0000,-6.0741,8155.0000,1500.0000
20593,13:48:29.751000,5785.0000,0.0000,19.6665,-46.0000,-5.7404,8145.0000,1500.0000
20601,13:48:29.761000,6246.0000,0.0000,19.6665,-31.0000,-5.5496,8152.0000,1500.0000
20609,13:48:29.771000,6023.0000,0.0000,23.5998,-51.0000,-5.9501,8144.0000,1500.0000
20617,13:48:29.781000,6019.0000,0.0000,19.6665,-17.0000,-6.4650,8156.0000,1500.0000
20625,13:48:29.791000,4894.0000,0.0000,15.7332,-24.0000,-6.2743,8148.0000,1500.0000
20633,13:48:29.801000,5292.0000,0.0000,19.6665,-34.0000,-5.8834,8169.0000,1500.0000
20641,13:48:29.811000,5378.0000,0.0000,23.5998,-27.0000,-5.4734,8178.0000,1500.0000
20649,13:48:29.821000,6199.0000,0.0000,19.6665,-20.0000,-5.9978,8145.0000,1500.0000
20657,13:48:29.831000,5636.0000,0.0000,19.6665,-29.0000,-6.1027,8165.0000,1500.0000
20665,13:48:29.841000,5718.0000,0.0000,19.6665,-27.0000,-5.7308,8154.0000,1500.0000
20673,13:48:29.851000,5277.0000,0.0000,19.6665,-36.0000,-5.6259,8171.0000,1500.0000
20681,13:48:29.861000,5417.0000,0.0000,19.6665,-48.0000,-5.6736,8147.0000,1500.0000
20689,13:48:29.871000,5511.0000,0.0000,19.6665,-43.0000,-6.2267,8182.0000,1500.0000
20697,13:48:29.881000,5398.0000,0.0000,19.6665,-20.0000,-6.6081,8193.0000,1500.0000
20705,13:48:29.891000,5726.0000,0.0000,19.6665,-31.0000,-6.1313,8140.0000,1500.0000
20713,13:48:29.901000,5687.0000,0.0000,19.6665,-34.0000,-5.7499,8152.0000,1500.0000
20721,13:48:29.911000,5710.0000,0.0000,19.6665,-48.0000,-5.8929,8150.0000,1500.0000
20729,13:48:29.921000,6218.0000,0.0000,19.6665,-36.0000,-6.1408,8175.0000,1500.0000
20737,13:48:29.931000,5191.0000,0.0000,19.6665,-39.0000,-5.8643,8160.0000,1500.0000
20745,13:48:29.941000,5484.0000,0.0000,23.5998,-43.0000,-5.5687,8166.0000,1500.0000
20753,13:48:29.951000,5863.0000,0.0000,19.6665,-51.0000,-5.4543,8162.0000,1500.0000
20761,13:48:29.961000,5421.0000,0.0000,19.6665,-36.0000,-6.0073,8158.0000,1500.0000
20769,13:48:29.971000,5417.0000,0.0000,15.7332,-8.0000,-6.5413,8174.0000,1500.0000
20777,13:48:29.981000,5421.0000,0.0000,23.5998,-15.0000,-6.3792,8198.0000,1500.0000
20785,13:48:29.991000,6546.0000,0.0000,19.6665,-31.0000,-6.0455,8137.0000,1500.0000
20793,13:48:30.001000,5644.0000,0.0000,19.6665,-53.0000,-5.8643,8157.0000,1500.0000
20801,13:48:30.011000,5648.0000,0.0000,19.6665,-22.0000,-6.0264,8145.0000,1500.0000
20809,13:48:30.021000,5441.0000,0.0000,19.6665,-31.0000,-5.9787,8170.0000,1500.0000
20817,13:48:30.031000,5460.0000,0.0000,19.6665,-29.0000,-5.5401,8165.0000,1500.0000
20825,13:48:30.041000,5648.0000,0.0000,19.6665,-27.0000,-5.5401,8153.0000,1500.0000
20833,13:48:30.051000,5367.0000,0.0000,23.5998,-27.0000,-6.1408,8140.0000,1500.0000
20841,13:48:30.061000,5535.0000,0.0000,23.5998,-39.0000,-6.7320,8183.0000,1500.0000
20849,13:48:30.071000,5937.0000,0.0000,23.5998,-41.0000,-6.3697,8141.0000,1500.0000
20857,13:48:30.081000,6023.0000,0.0000,19.6665,-15.0000,-6.0073,8165.0000,1500.0000
20865,13:48:30.091000,6105.0000,0.0000,19.6665,-15.0000,-5.7594,8151.0000,1500.0000
20873,13:48:30.101000,5597.0000,0.0000,19.6665,-24.0000,-5.9501,8140.0000,1500.0000
20881,13:48:30.111000,4800.0000,0.0000,15.7332,-31.0000,-6.1408,8172.0000,1500.0000
20889,13:48:30.121000,5785.0000,0.0000,19.6665,-36.0000,-5.6164,8173.0000,1500.0000
20897,13:48:30.131000,5710.0000,0.0000,19.6665,-31.0000,-5.4352,8190.0000,1500.0000
20905,13:48:30.141000,5710.0000,0.0000,19.6665,-36.0000,-5.5878,8157.0000,1500.0000
20913,13:48:30.151000,4953.0000,0.0000,23.5998,-24.0000,-6.3506,8171.0000,1500.0000
20921,13:48:30.161000,5472.0000,0.0000,23.5998,-29.0000,-6.6176,8150.0000,1500.0000
20929,13:48:30.171000,5320.0000,0.0000,19.6665,-36.0000,-5.9692,8209.0000,1500.0000
20937,13:48:30.181000,6386.0000,0.0000,19.6665,-17.0000,-5.6450,8173.0000,1500.0000
20945,13:48:30.191000,6152.0000,0.0000,19.6665,-39.0000,-5.6831,8146.0000,1500.0000
20953,13:48:30.201000,5855.0000,0.0000,19.6665,-31.0000,-6.0550,8175.0000,1500.0000
20961,13:48:30.211000,6707.0000,0.0000,19.6665,-55.0000,-5.7594,8151.0000,1500.0000
20969,13:48:30.221000,5183.0000,0.0000,19.6665,-22.0000,-5.5878,8153.0000,1500.0000
20977,13:48:30.231000,5613.0000,0.0000,19.6665,-53.0000,-5.3685,8193.0000,1500.0000
20985,13:48:30.241000,6730.0000,0.0000,15.7332,-58.0000,-5.8643,8153.0000,1500.0000
20993,13:48:30.251000,5812.0000,0.0000,19.6665,-5.0000,-6.3888,8141.0000,1500.0000
21001,13:48:30.261000,5296.0000,0.0000,23.5998,-43.0000,-6.1218,8150.0000,1500.0000
21009,13:48:30.271000,5382.0000,0.0000,19.6665,-41.0000,-5.8262,8177.0000,1500.0000
21017,13:48:30.281000,6394.0000,0.0000,19.6665,-51.0000,-5.7785,8170.0000,1500.0000
21025,13:48:30.291000,5136.0000,0.0000,19.6665,-34.0000,-6.1027,8165.0000,1500.0000
21033,13:48:30.301000,5957.0000,0.0000,23.5998,-27.0000,-6.0932,8146.0000,1500.0000
21041,13:48:30.311000,6421.0000,0.0000,19.6665,-51.0000,-5.6259,8179.0000,1500.0000
21049,13:48:30.321000,4750.0000,0.0000,19.6665,-60.0000,-5.4257,8148.0000,1500.0000
21057,13:48:30.331000,5000.0000,0.0000,19.6665,-53.0000,-5.8929,8182.0000,1500.0000
21065,13:48:30.341000,6218.0000,0.0000,19.6665,-46.0000,-6.6081,8141.0000,1500.0000
21073,13:48:30.351000,5035.0000,0.0000,19.6665,-51.0000,-6.6462,8141.0000,1500.0000
21081,13:48:30.361000,6199.0000,0.0000,19.6665,-8.0000,-6.2076,8191.0000,1500.0000
21089,13:48:30.371000,5343.0000,0.0000,19.6665,-43.0000,-5.9692,8149.0000,1500.0000
21097,13:48:30.381000,5078.0000,0.0000,23.5998,-34.0000,-6.4746,8156.0000,1500.0000
21105,13:48:30.391000,5171.0000,0.0000,23.5998,-22.0000,-6.0932,8162.0000,1500.0000
21113,13:48:30.401000,6246.0000,0.0000,19.6665,-39.0000,-5.7690,8144.0000,1500.0000
21121,13:48:30.411000,6156.0000,0.0000,15.7332,-48.0000,-5.4924,8150.0000,1500.0000
21129,13:48:30.421000,4914.0000,0.0000,19.6665,-41.0000,-6.1694,8186.0000,1500.0000
21137,13:48:30.431000,6003.0000,0.0000,19.6665,-39.0000,-6.7034,8183.0000,1500.0000
21145,13:48:30.441000,5800.0000,0.0000,23.5998,-22.0000,-6.7225,8152.0000,1500.0000
21153,13:48:30.451000,5335.0000,0.0000,19.6665,-29.0000,-6.0932,8140.0000,1500.0000
21161,13:48:30.461000,6023.0000,0.0000,19.6665,-34.0000,-6.1408,8175.0000,1500.0000
21169,13:48:30.471000,5492.0000,0.0000,19.6665,-20.0000,-6.2171,8182.0000,1500.0000
21177,13:48:30.481000,5468.0000,0.0000,23.5998,-34.0000,-6.0836,8160.0000,1500.0000
21185,13:48:30.491000,6617.0000,0.0000,19.6665,-15.0000,-5.8357,8140.0000,1500.0000
21193,13:48:30.501000,7496.0000,0.0000,11.7999,-8.0000,0.7628,8179.0000,1500.0000
21201,13:48:30.511000,5777.0000,0.0000,11.7999,-10.0000,0.0191,8148.0000,1500.0000
21209,13:48:30.521000,5898.0000,0.0000,11.7999,-12.0000,0.0763,8176.0000,1500.0000
21217,13:48:30.531000,5414.0000,0.0000,7.8666,0.0000,0.0000,8166.0000,1500.0000
21225,13:48:30.541000,5832.0000,0.0000,3.9333,11.0000,-0.0667,8110.0000,1500.0000
21233,13:48:30.551000,5402.0000,0.0000,0.0000,0.0000,0.0095,8160.0000,1500.0000
21241,13:48:30.561000,0.0000,0.0000,-23.5998,0.0000,-0.0286,8185.0000,1500.0000
21249,13:48:30.571000,0.0000,0.0000,-27.5331,-3.0000,0.1144,8145.0000,1500.0000
21257,13:48:30.581000,0.0000,0.0000,-27.5331,-31.0000,-0.0763,8151.0000,1500.0000
21265,13:48:30.591000,0.0000,0.0000,-31.4663,-5.0000,-0.0286,8148.0000,1500.0000
21273,13:48:30.601000,0.0000,0.0000,-23.5998,-3.0000,0.1049,8129.0000,1500.0000
21281,13:48:30.611000,0.0000,0.0000,-23.5998,-22.0000,0.1621,8153.0000,1500.0000
21289,13:48:30.621000,0.0000,0.0000,-23.5998,4.0000,-0.2289,8148.0000,1500.0000
21297,13:48:30.631000,0.0000,0.0000,-23.5998,-5.0000,-0.0286,8149.0000,1500.0000
21305,13:48:30.641000,0.0000,0.0000,-23.5998,-3.0000,0.0286,8145.0000,1500.0000
21313,13:48:30.651000,0.0000,0.0000,-19.6665,-3.0000,-0.0667,8166.0000,1500.0000
21321,13:48:30.661000,0.0000,0.0000,-19.6665,2.0000,0.0286,8185.0000,1500.0000
21329,13:48:30.671000,0.0000,0.0000,-15.7332,11.0000,0.2193,8169.0000,1500.0000
21337,13:48:30.681000,0.0000,0.0000,-11.7999,-10.0000,-0.0572,8193.0000,1500.0000
21345,13:48:30.691000,0.0000,0.0000,-11.7999,2.0000,-0.0763,8162.0000,1500.0000
21353,13:48:30.701000,0.0000,0.0000,-11.7999,7.0000,-0.0095,8192.0000,1500.0000
21361,13:48:30.711000,0.0000,0.0000,-7.8666,-17.0000,-0.0858,8169.0000,1500.0000
21369,13:48:30.721000,0.0000,0.0000,-7.8666,9.0000,0.0191,8160.0000,1500.0000
21377,13:48:30.731000,0.0000,0.0000,0.0000,-8.0000,0.0667,8167.0000,1500.0000
21385,13:48:30.741000,0.0000,0.0000,0.0000,2.0000,-0.0763,8189.0000,1500.0000
21393,13:48:30.751000,0.0000,0.0000,0.0000,4.0000,0.0763,8178.0000,1500.0000
21401,13:48:30.761000,0.0000,0.0000,0.0000,-5.0000,0.0954,8173.0000,1500.0000
21409,13:48:30.771000,0.0000,0.0000,0.0000,4.0000,-0.0381,8190.0000,1500.0000
21417,13:48:30.781000,0.0000,0.0000,0.0000,-15.0000,0.0572,8166.0000,1500.0000
21425,13:48:30.791000,0.0000,0.0000,0.0000,19.0000,0.1812,8165.0000,1500.0000
21433,13:48:30.801000,0.0000,0.0000,0.0000,-8.0000,0.0191,8176.0000,1500.0000
21441,13:48:30.811000,0.0000,0.0000,0.0000,9.0000,0.0191,8165.0000,1500.0000
21449,13:48:30.821000,0.0000,0.0000,0.0000,-10.0000,-0.0763,8187.0000,1500.0000
21457,13:48:30.831000,0.0000,0.0000,0.0000,9.0000,-0.1240,8188.0000,1500.0000
21465,13:48:30.841000,0.0000,0.0000,0.0000,14.0000,-0.0954,8188.0000,1500.0000
21473,13:48:30.851000,0.0000,0.0000,0.0000,-3.0000,-0.0381,8109.0000,1500.0000
21481,13:48:30.861000,0.0000,0.0000,0.0000,9.0000,0.0191,8171.0000,1500.0000
21489,13:48:30.871000,0.0000,0.0000,0.0000,0.0000,0.0000,8162.0000,1500.0000
21497,13:48:30.881000,0.0000,0.0000,0.0000,2.0000,0.0191,8170.0000,1500.0000
21505,13:48:30.891000,0.0000,0.0000,0.0000,23.0000,0.0191,8185.0000,1500.0000
21513,13:48:30.901000,0.0000,0.0000,0.0000,9.0000,-0.0381,8164.0000,1500.0000
21521,13:48:30.911000,0.0000,0.0000,0.0000,19.0000,-0.1335,8203.0000,1500.0000
21529,13:48:30.921000,0.0000,0.0000,0.0000,-17.0000,0.0095,8169.0000,1500.0000
21537,13:48:30.931000,0.0000,0.0000,0.0000,-5.0000,-0.0572,8184.0000,1500.0000
21545,13:48:30.941000,0.0000,0.0000,0.0000,7.0000,0.2002,8172.0000,1500.0000
21553,13:48:30.951000,0.0000,0.0000,0.0000,21.0000,0.0286,8162.0000,1500.0000
21561,13:48:30.961000,0.0000,0.0000,0.0000,11.0000,0.0286,8198.0000,1500.0000
21569,13:48:30.971000,0.0000,0.0000,0.0000,-3.0000,-0.0572,8187.0000,1500.0000
21577,13:48:30.981000,0.0000,0.0000,0.0000,4.0000,0.0286,8197.0000,1500.0000
21585,13:48:30.991000,0.0000,0.0000,0.0000,0.0000,-0.1716,8171.0000,1500.0000
21593,13:48:31.001000,0.0000,0.0000,0.0000,4.0000,0.1049,8196.0000,1500.0000
21601,13:48:31.011000,0.0000,0.0000,0.0000,-15.0000,-0.0954,8179.0000,1500.0000
21609,13:48:31.021000,0.0000,0.0000,0.0000,-5.0000,0.1526,8170.0000,1500.0000
21617,13:48:31.031000,0.0000,0.0000,0.0000,-15.0000,0.0667,8171.0000,1500.0000
21625,13:48:31.041000,0.0000,0.0000,0.0000,-3.0000,0.0191,8195.0000,1500.0000
21633,13:48:31.051000,0.0000,0.0000,0.0000,19.0000,0.0286,8187.0000,1500.0000
21641,13:48:31.061000,0.0000,0.0000,0.0000,7.0000,-0.0286,8170.0000,1500.0000
21649,13:48:31.071000,0.0000,0.0000,0.0000,4.0000,-0.0667,8192.0000,1500.0000
21657,13:48:31.081000,0.0000,0.0000,0.0000,0.0000,-0.0191,8191.0000,1500.0000
21665,13:48:31.091000,0.0000,0.0000,0.0000,16.0000,-0.0191,8152.0000,1500.0000
21673,13:48:31.101000,0.0000,0.0000,0.0000,9.0000,-0.0954,8165.0000,1500.0000
21681,13:48:31.111000,0.0000,0.0000,0.0000,4.0000,-0.0572,8168.0000,1500.0000
21689,13:48:31.121000,0.0000,0.0000,0.0000,9.0000,0.0000,8160.0000,1500.0000
21697,13:48:31.131000,0.0000,0.0000,0.0000,7.0000,0.0667,8172.0000,1500.0000
21705,13:48:31.141000,0.0000,0.0000,0.0000,-8.0000,-0.1240,8171.0000,1500.0000
21713,13:48:31.151000,0.0000,0.0000,0.0000,0.0000,-0.1430,8193.0000,1500.0000
21721,13:48:31.161000,0.0000,0.0000,0.0000,14.0000,0.0858,8187.0000,1500.0000
21729,13:48:31.171500,0.0000,0.0000,0.0000,19.0000,0.0572,8163.0000,1500.0000
